1 199 104 6 175
1 203 130 6 239
1 200 114 6 195
1 196 88 6 149
1 198 119 6 207
1 195 129 6 238
1 199 103 6 176
1 191 122 6 217
1 200 100 6 173
1 196 123 6 224
1 197 95 6 167
1 196 75 6 140
1 196 108 6 193
1 201 113 6 205
1 199 116 6 219
1 194 100 6 184
1 197 90 6 170
1 195 88 6 167
1 195 99 6 187
1 196 106 6 202
1 198 116 6 230
1 197 112 6 217
1 202 116 6 233
1 196 103 6 204
1 198 119 6 243
1 195 114 6 231
1 196 115 6 233
1 198 97 6 197
1 199 107 6 213
1 200 108 6 217
1 196 110 6 226
1 196 114 6 239
1 193 108 6 224
1 194 119 5 129
1 199 115 6 248
1 197 98 6 209
1 201 112 6 241
1 194 90 6 196
1 191 120 5 143
1 194 106 6 245
1 195 108 6 249
1 201 102 6 243
1 196 117 5 144
1 203 130 5 174
1 196 120 5 153
1 199 115 5 144
1 204 116 5 148
1 201 93 6 232
1 199 108 5 135
1 199 110 5 141
1 197 109 5 140
1 197 115 5 152
1 198 114 5 154
1 195 93 6 248
1 195 101 5 137
1 197 108 5 148
1 195 111 5 153
1 197 100 5 141
1 198 99 5 141
1 202 116 5 172
1 197 106 5 158
1 198 117 5 183
1 197 96 5 145
1 198 107 5 167
1 195 108 5 172
1 200 110 5 178
1 199 116 5 199
1 198 105 5 177
1 200 93 5 157
1 197 104 5 175
1 196 104 5 175
1 204 97 5 162
1 201 111 5 187
1 199 103 5 172
1 202 97 5 162
1 201 103 5 171
1 199 100 5 165
1 203 105 5 174
1 200 105 5 173
1 199 102 5 168
1 200 109 5 182
1 197 101 5 165
1 200 101 5 165
1 202 97 5 158
1 203 95 5 156
1 201 91 5 150
1 198 109 5 178
1 196 104 5 168
1 200 99 5 161
1 198 101 5 164
1 200 104 5 168
1 202 103 5 173
1 202 101 5 170
1 202 99 5 166
1 199 105 5 177
1 198 98 5 164
1 200 102 5 170
1 203 98 5 163
1 200 97 5 161
1 203 99 5 164
1 202 103 5 171
1 202 102 5 169
1 199 100 5 165
1 196 98 5 161
1 196 99 5 164
1 201 98 5 161
1 201 104 5 171
1 201 100 5 164
1 202 98 5 160
1 201 103 5 168
1 201 97 5 159
1 199 100 5 162
1 200 106 5 172
1 203 94 5 152
1 202 109 5 178
1 199 111 5 183
1 202 107 5 180
1 201 110 5 187
1 202 108 5 183
1 201 105 5 176
1 199 106 5 178
1 202 100 5 166
1 200 102 5 170
1 199 100 5 167
1 199 100 5 167
1 204 103 5 171
1 202 101 5 167
1 199 104 5 171
1 200 113 5 189
1 204 105 5 173
1 202 109 5 181
1 203 100 5 163
1 198 100 5 163
1 202 104 5 170
1 197 116 5 195
1 201 107 5 176
1 199 101 5 164
1 201 109 5 178
1 200 100 5 162
1 202 104 5 168
1 201 103 5 167
1 201 104 5 175
1 201 104 5 175
1 196 102 5 172
1 199 100 5 168
1 202 105 5 176
1 199 103 5 172
1 202 107 5 178
1 197 97 5 162
1 200 116 5 198
1 199 97 5 161
1 201 103 5 170
1 201 101 5 166
1 200 105 5 174
1 202 112 5 188
1 202 104 5 171
1 200 105 5 172
1 200 101 5 165
1 202 101 5 165
1 199 117 5 197
1 200 105 5 172
1 202 111 5 183
1 204 99 5 160
1 198 106 5 172
1 205 106 5 173
1 201 104 5 168
1 199 113 5 187
1 198 89 5 150
1 200 104 5 177
1 199 90 5 159
1 200 105 5 183
1 203 105 5 184
1 201 101 5 176
1 199 105 5 184
1 198 86 5 152
1 198 97 5 169
1 204 103 5 179
1 200 103 5 179
1 198 102 5 176
1 198 104 5 180
1 197 94 5 162
1 201 116 5 205
1 197 101 5 173
1 197 104 5 180
1 201 93 5 160
1 202 96 5 164
1 200 101 5 172
1 202 104 5 178
1 198 100 5 170
1 197 96 5 163
1 202 104 5 177
1 197 101 5 170
1 201 99 5 167
1 200 103 5 174
1 199 108 5 189
1 199 107 5 187
1 200 107 5 187
1 200 105 5 184
1 199 104 5 181
1 200 100 5 174
1 201 105 5 182
1 196 100 5 173
1 199 103 5 178
1 202 103 5 179
1 202 104 5 179
1 201 102 5 176
1 197 102 5 175
1 201 102 5 176
1 198 101 5 174
1 200 103 5 175
1 197 104 5 177
1 202 107 5 183
1 198 99 5 169
1 200 100 5 171
1 199 102 5 172
1 201 102 5 173
1 202 99 5 167
1 198 104 5 176
1 198 102 5 172
1 196 104 5 182
1 199 107 5 188
1 200 106 5 185
1 199 103 5 180
1 196 108 5 189
1 196 99 5 171
1 198 105 5 182
1 199 112 5 196
1 197 110 5 193
1 200 104 5 180
1 201 106 5 183
1 201 103 5 178
1 200 113 5 198
1 198 106 5 183
1 203 107 5 184
1 204 103 5 175
1 198 109 5 187
1 202 100 5 171
1 201 105 5 179
1 201 99 5 169
1 201 100 5 169
1 197 103 5 175
1 201 104 5 177
1 199 118 5 206
1 197 107 5 182
1 198 112 5 198
1 199 114 5 204
1 200 107 5 187
1 198 110 5 193
1 198 114 5 204
1 202 112 5 198
1 203 114 5 202
1 202 101 5 175
1 196 108 5 188
1 199 117 5 210
1 199 94 5 162
1 198 114 5 199
1 199 113 5 198
1 200 106 5 182
1 199 94 5 162
1 199 105 5 179
1 199 111 5 192
1 200 106 5 182
1 197 107 5 184
1 200 103 5 176
1 201 103 5 174
1 200 112 5 193
1 199 110 5 189
1 197 109 5 186
1 200 103 5 174
1 194 106 5 184
1 202 97 5 169
1 197 113 5 200
1 203 102 5 185
1 197 108 5 196
1 199 102 5 184
1 201 100 5 181
1 202 99 5 179
1 196 105 5 190
1 197 105 5 190
1 203 98 5 177
1 203 105 5 189
1 199 109 5 197
1 200 106 5 190
1 200 102 5 183
1 200 106 5 191
1 201 110 5 199
1 202 108 5 194
1 197 117 5 215
1 196 109 5 196
1 200 108 5 192
1 197 109 5 195
1 198 113 5 204
1 199 104 5 183
1 205 114 5 204
1 198 100 5 177
1 200 114 5 204
1 204 114 5 206
1 200 107 5 195
1 197 99 5 179
1 200 106 5 193
1 196 104 6 175
1 200 130 6 239
1 197 114 6 195
1 197 88 6 149
1 197 119 6 207
1 191 129 6 238
1 197 103 6 176
1 193 122 6 217
1 199 100 6 173
1 195 123 6 224
1 197 95 6 167
1 197 75 6 140
1 198 108 6 193
1 196 113 6 205
1 197 116 6 219
1 195 100 6 184
1 195 90 6 170
1 195 88 6 167
1 194 99 6 187
1 194 106 6 202
1 198 116 6 230
1 196 112 6 217
1 199 116 6 233
1 198 103 6 204
1 198 119 6 243
1 194 114 6 231
1 194 115 6 233
1 200 97 6 197
1 197 107 6 213
1 202 108 6 217
1 192 110 6 226
1 196 114 6 239
1 194 108 6 224
1 195 119 5 129
1 198 115 6 248
1 199 98 6 209
1 200 112 6 241
1 193 90 6 196
1 192 120 5 143
1 195 106 6 245
1 196 108 6 249
1 200 102 6 243
1 194 117 5 144
1 200 130 5 174
1 194 120 5 153
1 194 115 5 144
1 202 116 5 148
1 196 93 6 232
1 198 108 5 135
1 199 110 5 141
1 193 109 5 140
1 192 115 5 152
1 195 114 5 154
1 193 93 6 248
1 195 101 5 137
1 196 108 5 148
1 195 111 5 153
1 195 100 5 141
1 192 99 5 141
1 198 116 5 172
1 197 106 5 158
1 198 117 5 183
1 196 96 5 145
1 198 107 5 167
1 195 108 5 172
1 197 110 5 178
1 200 116 5 199
1 197 105 5 177
1 201 93 5 157
1 197 104 5 175
1 197 104 5 175
1 201 97 5 162
1 199 111 5 187
1 198 103 5 172
1 199 97 5 162
1 201 103 5 171
1 198 100 5 165
1 203 105 5 174
1 198 105 5 173
1 199 102 5 168
1 199 109 5 182
1 198 101 5 165
1 199 101 5 165
1 203 97 5 158
1 202 95 5 156
1 198 91 5 150
1 200 109 5 178
1 196 104 5 168
1 200 99 5 161
1 200 101 5 164
1 202 104 5 168
1 200 103 5 173
1 201 101 5 170
1 204 99 5 166
1 198 105 5 177
1 198 98 5 164
1 197 102 5 170
1 203 98 5 163
1 202 97 5 161
1 202 99 5 164
1 203 103 5 171
1 200 102 5 169
1 204 100 5 165
1 200 98 5 161
1 195 99 5 164
1 202 98 5 161
1 197 104 5 171
1 199 100 5 164
1 201 98 5 160
1 202 103 5 168
1 199 97 5 159
1 200 100 5 162
1 199 106 5 172
1 204 94 5 152
1 200 109 5 178
1 202 111 5 183
1 202 107 5 180
1 201 110 5 187
1 202 108 5 183
1 202 105 5 176
1 200 106 5 178
1 199 100 5 166
1 201 102 5 170
1 201 100 5 167
1 199 100 5 167
1 199 103 5 171
1 202 101 5 167
1 200 104 5 171
1 199 113 5 189
1 202 105 5 173
1 205 109 5 181
1 203 100 5 163
1 197 100 5 163
1 200 104 5 170
1 197 116 5 195
1 204 107 5 176
1 197 101 5 164
1 202 109 5 178
1 198 100 5 162
1 201 104 5 168
1 199 103 5 167
1 198 104 5 175
1 200 104 5 175
1 195 102 5 172
1 198 100 5 168
1 202 105 5 176
1 199 103 5 172
1 198 107 5 178
1 199 97 5 162
1 201 116 5 198
1 201 97 5 161
1 201 103 5 170
1 200 101 5 166
1 202 105 5 174
1 204 112 5 188
1 204 104 5 171
1 200 105 5 172
1 198 101 5 165
1 201 101 5 165
1 198 117 5 197
1 200 105 5 172
1 203 111 5 183
1 203 99 5 160
1 198 106 5 172
1 203 106 5 173
1 201 104 5 168
1 197 113 5 187
1 199 89 5 150
1 198 104 5 177
1 200 90 5 159
1 198 105 5 183
1 203 105 5 184
1 204 101 5 176
1 202 105 5 184
1 196 86 5 152
1 200 97 5 169
1 203 103 5 179
1 200 103 5 179
1 198 102 5 176
1 198 104 5 180
1 197 94 5 162
1 200 116 5 205
1 197 101 5 173
1 196 104 5 180
1 203 93 5 160
1 202 96 5 164
1 200 101 5 172
1 199 104 5 178
1 200 100 5 170
1 200 96 5 163
1 199 104 5 177
1 199 101 5 170
1 203 99 5 167
1 200 103 5 174
1 197 108 5 189
1 200 107 5 187
1 201 107 5 187
1 201 105 5 184
1 201 104 5 181
1 200 100 5 174
1 198 105 5 182
1 196 100 5 173
1 200 103 5 178
1 200 103 5 179
1 204 104 5 179
1 198 102 5 176
1 199 102 5 175
1 201 102 5 176
1 198 101 5 174
1 200 103 5 175
1 198 104 5 177
1 202 107 5 183
1 197 99 5 169
1 198 100 5 171
1 196 102 5 172
1 201 102 5 173
1 202 99 5 167
1 202 104 5 176
1 199 102 5 172
1 196 104 5 182
1 197 107 5 188
1 200 106 5 185
1 200 103 5 180
1 195 108 5 189
1 199 99 5 171
1 199 105 5 182
1 200 112 5 196
1 197 110 5 193
1 202 104 5 180
1 201 106 5 183
1 202 103 5 178
1 200 113 5 198
1 199 106 5 183
1 199 107 5 184
1 204 103 5 175
1 200 109 5 187
1 204 100 5 171
1 198 105 5 179
1 201 99 5 169
1 200 100 5 169
1 200 103 5 175
1 199 104 5 177
1 198 118 5 206
1 199 107 5 182
1 199 112 5 198
1 199 114 5 204
1 198 107 5 187
1 200 110 5 193
1 199 114 5 204
1 203 112 5 198
1 202 114 5 202
1 200 101 5 175
1 196 108 5 188
1 198 117 5 210
1 198 94 5 162
1 201 114 5 199
1 201 113 5 198
1 200 106 5 182
1 199 94 5 162
1 198 105 5 179
1 199 111 5 192
1 197 106 5 182
1 198 107 5 184
1 201 103 5 176
1 200 103 5 174
1 201 112 5 193
1 201 110 5 189
1 196 109 5 186
1 203 103 5 174
1 193 106 5 184
1 201 97 5 169
1 196 113 5 200
1 205 102 5 185
1 198 108 5 196
1 199 102 5 184
1 202 100 5 181
1 198 99 5 179
1 196 105 5 190
1 199 105 5 190
1 201 98 5 177
1 203 105 5 189
1 198 109 5 197
1 198 106 5 190
1 198 102 5 183
1 199 106 5 191
1 200 110 5 199
1 201 108 5 194
1 198 117 5 215
1 197 109 5 196
1 199 108 5 192
1 197 109 5 195
1 198 113 5 204
1 201 104 5 183
1 203 114 5 204
1 199 100 5 177
1 202 114 5 204
1 203 114 5 206
1 199 107 5 195
1 200 99 5 179
1 199 106 5 193
1 197 104 6 175
1 199 130 6 239
1 197 114 6 195
1 195 88 6 149
1 198 119 6 207
1 193 129 6 238
1 200 103 6 176
1 196 122 6 217
1 201 100 6 173
1 198 123 6 224
1 198 95 6 167
1 197 75 6 140
1 201 108 6 193
1 198 113 6 205
1 196 116 6 219
1 197 100 6 184
1 198 90 6 170
1 198 88 6 167
1 199 99 6 187
1 195 106 6 202
1 194 116 6 230
1 196 112 6 217
1 199 116 6 233
1 196 103 6 204
1 196 119 6 243
1 195 114 6 231
1 194 115 6 233
1 198 97 6 197
1 201 107 6 213
1 200 108 6 217
1 195 110 6 226
1 198 114 6 239
1 195 108 6 224
1 196 119 5 129
1 200 115 6 248
1 196 98 6 209
1 202 112 6 241
1 192 90 6 196
1 193 120 5 143
1 195 106 6 245
1 196 108 6 249
1 201 102 6 243
1 197 117 5 144
1 199 130 5 174
1 196 120 5 153
1 194 115 5 144
1 198 116 5 148
1 198 93 6 232
1 196 108 5 135
1 197 110 5 141
1 195 109 5 140
1 193 115 5 152
1 201 114 5 154
1 194 93 6 248
1 195 101 5 137
1 200 108 5 148
1 194 111 5 153
1 196 100 5 141
1 196 99 5 141
1 200 116 5 172
1 199 106 5 158
1 199 117 5 183
1 198 96 5 145
1 196 107 5 167
1 195 108 5 172
1 195 110 5 178
1 201 116 5 199
1 198 105 5 177
1 200 93 5 157
1 196 104 5 175
1 199 104 5 175
1 202 97 5 162
1 198 111 5 187
1 199 103 5 172
1 199 97 5 162
1 203 103 5 171
1 200 100 5 165
1 204 105 5 174
1 197 105 5 173
1 199 102 5 168
1 200 109 5 182
1 198 101 5 165
1 198 101 5 165
1 202 97 5 158
1 203 95 5 156
1 198 91 5 150
1 198 109 5 178
1 198 104 5 168
1 201 99 5 161
1 198 101 5 164
1 203 104 5 168
1 200 103 5 173
1 202 101 5 170
1 202 99 5 166
1 199 105 5 177
1 196 98 5 164
1 198 102 5 170
1 201 98 5 163
1 201 97 5 161
1 202 99 5 164
1 202 103 5 171
1 204 102 5 169
1 203 100 5 165
1 200 98 5 161
1 201 99 5 164
1 200 98 5 161
1 198 104 5 171
1 198 100 5 164
1 201 98 5 160
1 202 103 5 168
1 198 97 5 159
1 201 100 5 162
1 200 106 5 172
1 203 94 5 152
1 203 109 5 178
1 201 111 5 183
1 202 107 5 180
1 200 110 5 187
1 202 108 5 183
1 199 105 5 176
1 199 106 5 178
1 201 100 5 166
1 199 102 5 170
1 201 100 5 167
1 199 100 5 167
1 200 103 5 171
1 204 101 5 167
1 201 104 5 171
1 199 113 5 189
1 203 105 5 173
1 205 109 5 181
1 201 100 5 163
1 199 100 5 163
1 203 104 5 170
1 198 116 5 195
1 202 107 5 176
1 197 101 5 164
1 204 109 5 178
1 199 100 5 162
1 201 104 5 168
1 200 103 5 167
1 197 104 5 175
1 201 104 5 175
1 194 102 5 172
1 200 100 5 168
1 202 105 5 176
1 197 103 5 172
1 200 107 5 178
1 200 97 5 162
1 200 116 5 198
1 200 97 5 161
1 200 103 5 170
1 203 101 5 166
1 204 105 5 174
1 203 112 5 188
1 201 104 5 171
1 203 105 5 172
1 199 101 5 165
1 201 101 5 165
1 201 117 5 197
1 201 105 5 172
1 199 111 5 183
1 203 99 5 160
1 197 106 5 172
1 201 106 5 173
1 200 104 5 168
1 196 113 5 187
1 199 89 5 150
1 200 104 5 177
1 199 90 5 159
1 197 105 5 183
1 204 105 5 184
1 200 101 5 176
1 202 105 5 184
1 195 86 5 152
1 199 97 5 169
1 202 103 5 179
1 204 103 5 179
1 196 102 5 176
1 198 104 5 180
1 196 94 5 162
1 202 116 5 205
1 197 101 5 173
1 197 104 5 180
1 202 93 5 160
1 201 96 5 164
1 201 101 5 172
1 199 104 5 178
1 200 100 5 170
1 199 96 5 163
1 200 104 5 177
1 199 101 5 170
1 198 99 5 167
1 202 103 5 174
1 197 108 5 189
1 204 107 5 187
1 202 107 5 187
1 201 105 5 184
1 201 104 5 181
1 203 100 5 174
1 196 105 5 182
1 197 100 5 173
1 199 103 5 178
1 200 103 5 179
1 204 104 5 179
1 203 102 5 176
1 197 102 5 175
1 200 102 5 176
1 201 101 5 174
1 199 103 5 175
1 199 104 5 177
1 204 107 5 183
1 199 99 5 169
1 199 100 5 171
1 198 102 5 172
1 202 102 5 173
1 200 99 5 167
1 199 104 5 176
1 203 102 5 172
1 196 104 5 182
1 197 107 5 188
1 202 106 5 185
1 200 103 5 180
1 198 108 5 189
1 199 99 5 171
1 201 105 5 182
1 201 112 5 196
1 196 110 5 193
1 202 104 5 180
1 199 106 5 183
1 203 103 5 178
1 201 113 5 198
1 197 106 5 183
1 199 107 5 184
1 203 103 5 175
1 199 109 5 187
1 203 100 5 171
1 199 105 5 179
1 204 99 5 169
1 202 100 5 169
1 198 103 5 175
1 201 104 5 177
1 198 118 5 206
1 197 107 5 182
1 199 112 5 198
1 201 114 5 204
1 198 107 5 187
1 200 110 5 193
1 200 114 5 204
1 201 112 5 198
1 202 114 5 202
1 202 101 5 175
1 197 108 5 188
1 199 117 5 210
1 197 94 5 162
1 200 114 5 199
1 200 113 5 198
1 199 106 5 182
1 196 94 5 162
1 196 105 5 179
1 201 111 5 192
1 198 106 5 182
1 202 107 5 184
1 201 103 5 176
1 199 103 5 174
1 202 112 5 193
1 200 110 5 189
1 198 109 5 186
1 200 103 5 174
1 193 106 5 184
1 201 97 5 169
1 195 113 5 200
1 203 102 5 185
1 198 108 5 196
1 198 102 5 184
1 200 100 5 181
1 198 99 5 179
1 199 105 5 190
1 199 105 5 190
1 202 98 5 177
1 203 105 5 189
1 197 109 5 197
1 198 106 5 190
1 201 102 5 183
1 199 106 5 191
1 200 110 5 199
1 200 108 5 194
1 200 117 5 215
1 199 109 5 196
1 202 108 5 192
1 200 109 5 195
1 200 113 5 204
1 199 104 5 183
1 202 114 5 204
1 196 100 5 177
1 202 114 5 204
1 201 114 5 206
1 197 107 5 195
1 199 99 5 179
1 197 106 5 193
1 197 104 6 175
1 203 130 6 239
1 201 114 6 195
1 196 88 6 149
1 198 119 6 207
1 194 129 6 238
1 199 103 6 176
1 195 122 6 217
1 201 100 6 173
1 198 123 6 224
1 201 95 6 167
1 197 75 6 140
1 202 108 6 193
1 199 113 6 205
1 198 116 6 219
1 199 100 6 184
1 199 90 6 170
1 199 88 6 167
1 198 99 6 187
1 195 106 6 202
1 198 116 6 230
1 198 112 6 217
1 200 116 6 233
1 197 103 6 204
1 196 119 6 243
1 195 114 6 231
1 195 115 6 233
1 200 97 6 197
1 201 107 6 213
1 200 108 6 217
1 194 110 6 226
1 199 114 6 239
1 199 108 6 224
1 198 119 5 129
1 201 115 6 248
1 196 98 6 209
1 201 112 6 241
1 190 90 6 196
1 194 120 5 143
1 196 106 6 245
1 196 108 6 249
1 202 102 6 243
1 197 117 5 144
1 201 130 5 174
1 198 120 5 153
1 197 115 5 144
1 202 116 5 148
1 201 93 6 232
1 196 108 5 135
1 197 110 5 141
1 195 109 5 140
1 195 115 5 152
1 202 114 5 154
1 194 93 6 248
1 195 101 5 137
1 200 108 5 148
1 194 111 5 153
1 197 100 5 141
1 197 99 5 141
1 202 116 5 172
1 199 106 5 158
1 200 117 5 183
1 199 96 5 145
1 196 107 5 167
1 196 108 5 172
1 196 110 5 178
1 199 116 5 199
1 201 105 5 177
1 198 93 5 157
1 195 104 5 175
1 198 104 5 175
1 201 97 5 162
1 202 111 5 187
1 199 103 5 172
1 198 97 5 162
1 205 103 5 171
1 202 100 5 165
1 205 105 5 174
1 198 105 5 173
1 198 102 5 168
1 201 109 5 182
1 200 101 5 165
1 201 101 5 165
1 203 97 5 158
1 201 95 5 156
1 200 91 5 150
1 198 109 5 178
1 199 104 5 168
1 202 99 5 161
1 197 101 5 164
1 202 104 5 168
1 197 103 5 173
1 201 101 5 170
1 200 99 5 166
1 198 105 5 177
1 197 98 5 164
1 201 102 5 170
1 204 98 5 163
1 199 97 5 161
1 201 99 5 164
1 199 103 5 171
1 202 102 5 169
1 201 100 5 165
1 200 98 5 161
1 200 99 5 164
1 200 98 5 161
1 201 104 5 171
1 198 100 5 164
1 201 98 5 160
1 201 103 5 168
1 202 97 5 159
1 201 100 5 162
1 200 106 5 172
1 201 94 5 152
1 201 109 5 178
1 200 111 5 183
1 204 107 5 180
1 201 110 5 187
1 202 108 5 183
1 198 105 5 176
1 199 106 5 178
1 201 100 5 166
1 200 102 5 170
1 200 100 5 167
1 200 100 5 167
1 201 103 5 171
1 202 101 5 167
1 202 104 5 171
1 199 113 5 189
1 202 105 5 173
1 204 109 5 181
1 201 100 5 163
1 199 100 5 163
1 198 104 5 170
1 198 116 5 195
1 201 107 5 176
1 197 101 5 164
1 204 109 5 178
1 197 100 5 162
1 199 104 5 168
1 202 103 5 167
1 198 104 5 175
1 198 104 5 175
1 197 102 5 172
1 202 100 5 168
1 198 105 5 176
1 199 103 5 172
1 201 107 5 178
1 201 97 5 162
1 201 116 5 198
1 200 97 5 161
1 200 103 5 170
1 205 101 5 166
1 203 105 5 174
1 200 112 5 188
1 200 104 5 171
1 203 105 5 172
1 199 101 5 165
1 201 101 5 165
1 199 117 5 197
1 202 105 5 172
1 197 111 5 183
1 203 99 5 160
1 199 106 5 172
1 203 106 5 173
1 200 104 5 168
1 196 113 5 187
1 199 89 5 150
1 199 104 5 177
1 200 90 5 159
1 199 105 5 183
1 205 105 5 184
1 202 101 5 176
1 203 105 5 184
1 195 86 5 152
1 201 97 5 169
1 205 103 5 179
1 199 103 5 179
1 200 102 5 176
1 199 104 5 180
1 198 94 5 162
1 200 116 5 205
1 196 101 5 173
1 197 104 5 180
1 199 93 5 160
1 202 96 5 164
1 197 101 5 172
1 199 104 5 178
1 200 100 5 170
1 198 96 5 163
1 202 104 5 177
1 200 101 5 170
1 198 99 5 167
1 201 103 5 174
1 197 108 5 189
1 201 107 5 187
1 200 107 5 187
1 199 105 5 184
1 197 104 5 181
1 201 100 5 174
1 198 105 5 182
1 199 100 5 173
1 200 103 5 178
1 202 103 5 179
1 203 104 5 179
1 202 102 5 176
1 196 102 5 175
1 201 102 5 176
1 207 101 5 174
1 200 103 5 175
1 203 104 5 177
1 203 107 5 183
1 202 99 5 169
1 203 100 5 171
1 198 102 5 172
1 200 102 5 173
1 201 99 5 167
1 202 104 5 176
1 202 102 5 172
1 196 104 5 182
1 201 107 5 188
1 200 106 5 185
1 199 103 5 180
1 198 108 5 189
1 202 99 5 171
1 200 105 5 182
1 198 112 5 196
1 197 110 5 193
1 203 104 5 180
1 364 106 5 183
1 210 103 5 178
1 202 113 5 198
1 199 106 5 183
1 198 107 5 184
1 228 103 5 175
1 205 109 5 187
1 204 100 5 171
1 201 105 5 179
1 205 99 5 169
1 201 100 5 169
1 200 103 5 175
1 199 104 5 177
1 199 118 5 206
1 200 107 5 182
1 198 112 5 198
1 198 114 5 204
1 198 107 5 187
1 200 110 5 193
1 199 114 5 204
1 200 112 5 198
1 202 114 5 202
1 200 101 5 175
1 199 108 5 188
1 197 117 5 210
1 198 94 5 162
1 198 114 5 199
1 202 113 5 198
1 197 106 5 182
1 199 94 5 162
1 197 105 5 179
1 201 111 5 192
1 198 106 5 182
1 200 107 5 184
1 202 103 5 176
1 200 103 5 174
1 201 112 5 193
1 200 110 5 189
1 196 109 5 186
1 201 103 5 174
1 196 106 5 184
1 200 97 5 169
1 194 113 5 200
1 202 102 5 185
1 197 108 5 196
1 199 102 5 184
1 200 100 5 181
1 197 99 5 179
1 198 105 5 190
1 199 105 5 190
1 201 98 5 177
1 203 105 5 189
1 200 109 5 197
1 198 106 5 190
1 203 102 5 183
1 200 106 5 191
1 201 110 5 199
1 199 108 5 194
1 199 117 5 215
1 200 109 5 196
1 204 108 5 192
1 197 109 5 195
1 199 113 5 204
1 199 104 5 183
1 202 114 5 204
1 196 100 5 177
1 198 114 5 204
1 202 114 5 206
1 197 107 5 195
1 199 99 5 179
1 199 106 5 193
1 202 104 6 175
1 204 130 6 239
1 202 114 6 195
1 199 88 6 149
1 203 119 6 207
1 198 129 6 238
1 202 103 6 176
1 198 122 6 217
1 204 100 6 173
1 200 123 6 224
1 205 95 6 167
1 202 75 6 140
1 203 108 6 193
1 202 113 6 205
1 202 116 6 219
1 200 100 6 184
1 203 90 6 170
1 201 88 6 167
1 201 99 6 187
1 199 106 6 202
1 201 116 6 230
1 201 112 6 217
1 201 116 6 233
1 200 103 6 204
1 200 119 6 243
1 197 114 6 231
1 200 115 6 233
1 203 97 6 197
1 204 107 6 213
1 204 108 6 217
1 197 110 6 226
1 199 114 6 239
1 200 108 6 224
1 201 119 5 129
1 206 115 6 248
1 202 98 6 209
1 205 112 6 241
1 197 90 6 196
1 197 120 5 143
1 198 106 6 245
1 200 108 6 249
1 205 102 6 243
1 200 117 5 144
1 203 130 5 174
1 201 120 5 153
1 201 115 5 144
1 206 116 5 148
1 204 93 6 232
1 202 108 5 135
1 200 110 5 141
1 198 109 5 140
1 200 115 5 152
1 204 114 5 154
1 197 93 6 248
1 198 101 5 137
1 204 108 5 148
1 198 111 5 153
1 199 100 5 141
1 200 99 5 141
1 204 116 5 172
1 204 106 5 158
1 204 117 5 183
1 203 96 5 145
1 200 107 5 167
1 200 108 5 172
1 200 110 5 178
1 199 116 5 199
1 202 105 5 177
1 198 93 5 157
1 198 104 5 175
1 198 104 5 175
1 200 97 5 162
1 202 111 5 187
1 200 103 5 172
1 200 97 5 162
1 201 103 5 171
1 201 100 5 165
1 205 105 5 174
1 198 105 5 173
1 200 102 5 168
1 199 109 5 182
1 199 101 5 165
1 199 101 5 165
1 204 97 5 158
1 202 95 5 156
1 200 91 5 150
1 201 109 5 178
1 198 104 5 168
1 201 99 5 161
1 198 101 5 164
1 202 104 5 168
1 195 103 5 173
1 202 101 5 170
1 206 99 5 166
1 207 105 5 177
1 211 98 5 164
1 202 102 5 170
1 203 98 5 163
1 201 97 5 161
1 206 99 5 164
1 204 103 5 171
1 202 102 5 169
1 200 100 5 165
1 197 98 5 161
1 201 99 5 164
1 202 98 5 161
1 202 104 5 171
1 199 100 5 164
1 200 98 5 160
1 203 103 5 168
1 202 97 5 159
1 201 100 5 162
1 200 106 5 172
1 202 94 5 152
1 202 109 5 178
1 201 111 5 183
1 221 107 5 180
1 213 110 5 187
1 210 108 5 183
1 201 105 5 176
1 200 106 5 178
1 209 100 5 166
1 207 102 5 170
1 204 100 5 167
1 202 100 5 167
1 202 103 5 171
1 203 101 5 167
1 204 104 5 171
1 199 113 5 189
1 201 105 5 173
1 204 109 5 181
1 201 100 5 163
1 201 100 5 163
1 200 104 5 170
1 196 116 5 195
1 201 107 5 176
1 197 101 5 164
1 203 109 5 178
1 199 100 5 162
1 199 104 5 168
1 203 103 5 167
1 200 104 5 175
1 200 104 5 175
1 199 102 5 172
1 202 100 5 168
1 199 105 5 176
1 199 103 5 172
1 202 107 5 178
1 201 97 5 162
1 201 116 5 198
1 200 97 5 161
1 200 103 5 170
1 207 101 5 166
1 204 105 5 174
1 201 112 5 188
1 200 104 5 171
1 202 105 5 172
1 197 101 5 165
1 196 101 5 165
1 200 117 5 197
1 203 105 5 172
1 199 111 5 183
1 203 99 5 160
1 198 106 5 172
1 205 106 5 173
1 200 104 5 168
1 201 113 5 187
1 203 89 5 150
1 203 104 5 177
1 199 90 5 159
1 198 105 5 183
1 202 105 5 184
1 200 101 5 176
1 202 105 5 184
1 197 86 5 152
1 200 97 5 169
1 207 103 5 179
1 200 103 5 179
1 201 102 5 176
1 199 104 5 180
1 197 94 5 162
1 198 116 5 205
1 197 101 5 173
1 197 104 5 180
1 200 93 5 160
1 200 96 5 164
1 198 101 5 172
1 203 104 5 178
1 198 100 5 170
1 199 96 5 163
1 200 104 5 177
1 197 101 5 170
1 199 99 5 167
1 201 103 5 174
1 197 108 5 189
1 202 107 5 187
1 204 107 5 187
1 208 105 5 184
1 215 104 5 181
1 200 100 5 174
1 199 105 5 182
1 206 100 5 173
1 225 103 5 178
1 285 103 5 179
1 203 104 5 179
1 203 102 5 176
1 208 102 5 175
1 248 102 5 176
1 655 101 5 174
1 201 103 5 175
1 205 104 5 177
1 215 107 5 183
1 255 99 5 169
1 539 100 5 171
1 200 102 5 172
1 204 102 5 173
1 210 99 5 167
1 221 104 5 176
1 268 102 5 172
1 219 104 5 182
1 217 107 5 188
1 206 106 5 185
1 201 103 5 180
1 200 108 5 189
1 364 99 5 171
1 282 105 5 182
1 228 112 5 196
1 207 110 5 193
1 207 104 5 180
3 1206 192 1 137
1 754 103 5 178
1 261 113 5 198
1 210 106 5 183
1 204 107 5 184
1 2277 103 5 175
1 606 109 5 187
1 268 100 5 171
1 217 105 5 179
1 206 99 5 169
1 300 100 5 169
1 265 103 5 175
1 224 104 5 177
1 207 118 5 206
1 199 107 5 182
1 197 112 5 198
1 201 114 5 204
1 197 107 5 187
1 200 110 5 193
1 198 114 5 204
1 202 112 5 198
1 203 114 5 202
1 203 101 5 175
1 197 108 5 188
1 197 117 5 210
1 199 94 5 162
1 200 114 5 199
1 197 113 5 198
1 199 106 5 182
1 197 94 5 162
1 202 105 5 179
1 201 111 5 192
1 197 106 5 182
1 199 107 5 184
1 202 103 5 176
1 202 103 5 174
1 202 112 5 193
1 202 110 5 189
1 197 109 5 186
1 201 103 5 174
1 199 106 5 184
1 205 97 5 169
1 200 113 5 200
1 204 102 5 185
1 197 108 5 196
1 199 102 5 184
1 199 100 5 181
1 199 99 5 179
1 201 105 5 190
1 199 105 5 190
1 201 98 5 177
1 204 105 5 189
1 198 109 5 197
1 198 106 5 190
1 202 102 5 183
1 196 106 5 191
1 200 110 5 199
1 201 108 5 194
1 200 117 5 215
1 203 109 5 196
1 204 108 5 192
1 197 109 5 195
1 198 113 5 204
1 203 104 5 183
1 201 114 5 204
1 197 100 5 177
1 197 114 5 204
1 201 114 5 206
1 198 107 5 195
1 201 99 5 179
1 197 106 5 193
1 203 104 6 175
1 206 130 6 239
1 203 114 6 195
1 203 88 6 149
1 202 119 6 207
1 198 129 6 238
1 205 103 6 176
1 198 122 6 217
1 206 100 6 173
1 202 123 6 224
1 203 95 6 167
1 203 75 6 140
1 208 108 6 193
1 204 113 6 205
1 206 116 6 219
1 202 100 6 184
1 203 90 6 170
1 202 88 6 167
1 202 99 6 187
1 199 106 6 202
1 202 116 6 230
1 202 112 6 217
1 206 116 6 233
1 204 103 6 204
1 203 119 6 243
1 201 114 6 231
1 203 115 6 233
1 205 97 6 197
1 205 107 6 213
1 208 108 6 217
1 199 110 6 226
1 205 114 6 239
1 203 108 6 224
1 202 119 5 129
1 207 115 6 248
1 205 98 6 209
1 208 112 6 241
1 198 90 6 196
1 199 120 5 143
1 202 106 6 245
1 203 108 6 249
1 207 102 6 243
1 201 117 5 144
1 205 130 5 174
1 203 120 5 153
1 199 115 5 144
1 206 116 5 148
1 203 93 6 232
1 203 108 5 135
1 203 110 5 141
1 200 109 5 140
1 201 115 5 152
1 205 114 5 154
1 200 93 6 248
1 201 101 5 137
1 204 108 5 148
1 202 111 5 153
1 203 100 5 141
1 199 99 5 141
1 206 116 5 172
1 204 106 5 158
1 206 117 5 183
1 205 96 5 145
1 204 107 5 167
1 202 108 5 172
1 202 110 5 178
1 198 116 5 199
1 198 105 5 177
1 198 93 5 157
1 197 104 5 175
1 200 104 5 175
1 201 97 5 162
1 202 111 5 187
1 200 103 5 172
1 200 97 5 162
1 199 103 5 171
1 202 100 5 165
1 205 105 5 174
1 199 105 5 173
1 201 102 5 168
1 198 109 5 182
1 200 101 5 165
1 199 101 5 165
1 203 97 5 158
1 201 95 5 156
1 199 91 5 150
1 200 109 5 178
1 200 104 5 168
1 200 99 5 161
1 199 101 5 164
1 202 104 5 168
1 198 103 5 173
1 201 101 5 170
1 205 99 5 166
1 210 105 5 177
1 218 98 5 164
1 201 102 5 170
1 202 98 5 163
1 201 97 5 161
1 206 99 5 164
1 205 103 5 171
1 202 102 5 169
1 202 100 5 165
1 197 98 5 161
1 202 99 5 164
1 203 98 5 161
1 200 104 5 171
1 201 100 5 164
1 199 98 5 160
1 205 103 5 168
1 203 97 5 159
1 203 100 5 162
1 200 106 5 172
1 202 94 5 152
1 203 109 5 178
1 202 111 5 183
1 226 107 5 180
1 217 110 5 187
1 215 108 5 183
1 206 105 5 176
1 201 106 5 178
1 209 100 5 166
1 206 102 5 170
1 205 100 5 167
1 202 100 5 167
1 202 103 5 171
1 202 101 5 167
1 204 104 5 171
1 200 113 5 189
1 201 105 5 173
1 202 109 5 181
1 205 100 5 163
1 201 100 5 163
1 201 104 5 170
1 199 116 5 195
1 201 107 5 176
1 198 101 5 164
1 203 109 5 178
1 200 100 5 162
1 199 104 5 168
1 203 103 5 167
1 201 104 5 175
1 202 104 5 175
1 201 102 5 172
1 201 100 5 168
1 200 105 5 176
1 198 103 5 172
1 204 107 5 178
1 199 97 5 162
1 201 116 5 198
1 202 97 5 161
1 202 103 5 170
1 204 101 5 166
1 201 105 5 174
1 202 112 5 188
1 201 104 5 171
1 203 105 5 172
1 200 101 5 165
1 198 101 5 165
1 198 117 5 197
1 201 105 5 172
1 198 111 5 183
1 203 99 5 160
1 196 106 5 172
1 207 106 5 173
1 200 104 5 168
1 203 113 5 187
1 205 89 5 150
1 205 104 5 177
1 201 90 5 159
1 196 105 5 183
1 205 105 5 184
1 201 101 5 176
1 201 105 5 184
1 200 86 5 152
1 201 97 5 169
1 205 103 5 179
1 198 103 5 179
1 201 102 5 176
1 199 104 5 180
1 199 94 5 162
1 197 116 5 205
1 198 101 5 173
1 195 104 5 180
1 198 93 5 160
1 201 96 5 164
1 199 101 5 172
1 205 104 5 178
1 198 100 5 170
1 199 96 5 163
1 201 104 5 177
1 200 101 5 170
1 198 99 5 167
1 201 103 5 174
1 195 108 5 189
1 201 107 5 187
1 204 107 5 187
1 209 105 5 184
1 221 104 5 181
1 200 100 5 174
1 203 105 5 182
1 208 100 5 173
1 235 103 5 178
1 312 103 5 179
1 204 104 5 179
1 200 102 5 176
1 212 102 5 175
1 265 102 5 176
1 806 101 5 174
1 199 103 5 175
1 206 104 5 177
1 215 107 5 183
1 272 99 5 169
1 651 100 5 171
1 199 102 5 172
1 202 102 5 173
1 213 99 5 167
1 226 104 5 176
1 290 102 5 172
1 227 104 5 182
1 223 107 5 188
1 210 106 5 185
1 203 103 5 180
1 202 108 5 189
1 418 99 5 171
1 312 105 5 182
1 236 112 5 196
1 212 110 5 193
1 209 104 5 180
3 1538 192 1 137
1 937 103 5 178
1 279 113 5 198
1 217 106 5 183
1 205 107 5 184
1 2963 103 5 175
1 737 109 5 187
1 291 100 5 171
1 220 105 5 179
1 207 99 5 169
1 333 100 5 169
1 289 103 5 175
1 231 104 5 177
1 210 118 5 206
1 201 107 5 182
1 201 112 5 198
1 202 114 5 204
1 200 107 5 187
1 200 110 5 193
1 199 114 5 204
1 203 112 5 198
1 202 114 5 202
1 203 101 5 175
1 196 108 5 188
1 199 117 5 210
1 200 94 5 162
1 201 114 5 199
1 196 113 5 198
1 200 106 5 182
1 198 94 5 162
1 202 105 5 179
1 199 111 5 192
1 196 106 5 182
1 200 107 5 184
1 201 103 5 176
1 202 103 5 174
1 204 112 5 193
1 203 110 5 189
1 197 109 5 186
1 200 103 5 174
1 199 106 5 184
1 206 97 5 169
1 201 113 5 200
1 204 102 5 185
1 197 108 5 196
1 199 102 5 184
1 198 100 5 181
1 201 99 5 179
1 198 105 5 190
1 199 105 5 190
1 202 98 5 177
1 200 105 5 189
1 199 109 5 197
1 197 106 5 190
1 199 102 5 183
1 199 106 5 191
1 201 110 5 199
1 203 108 5 194
1 199 117 5 215
1 202 109 5 196
1 201 108 5 192
1 200 109 5 195
1 201 113 5 204
1 203 104 5 183
1 201 114 5 204
1 202 100 5 177
1 197 114 5 204
1 202 114 5 206
1 198 107 5 195
1 199 99 5 179
1 199 106 5 193
1 204 104 6 175
1 207 130 6 239
1 205 114 6 195
1 200 88 6 149
1 204 119 6 207
1 198 129 6 238
1 206 103 6 176
1 203 122 6 217
1 206 100 6 173
1 204 123 6 224
1 204 95 6 167
1 201 75 6 140
1 205 108 6 193
1 204 113 6 205
1 206 116 6 219
1 205 100 6 184
1 203 90 6 170
1 204 88 6 167
1 203 99 6 187
1 201 106 6 202
1 203 116 6 230
1 202 112 6 217
1 206 116 6 233
1 201 103 6 204
1 204 119 6 243
1 201 114 6 231
1 201 115 6 233
1 205 97 6 197
1 205 107 6 213
1 207 108 6 217
1 200 110 6 226
1 203 114 6 239
1 200 108 6 224
1 201 119 5 129
1 205 115 6 248
1 200 98 6 209
1 206 112 6 241
1 197 90 6 196
1 198 120 5 143
1 200 106 6 245
1 203 108 6 249
1 206 102 6 243
1 202 117 5 144
1 207 130 5 174
1 201 120 5 153
1 201 115 5 144
1 205 116 5 148
1 204 93 6 232
1 200 108 5 135
1 205 110 5 141
1 200 109 5 140
1 201 115 5 152
1 204 114 5 154
1 201 93 6 248
1 201 101 5 137
1 203 108 5 148
1 200 111 5 153
1 203 100 5 141
1 202 99 5 141
1 205 116 5 172
1 204 106 5 158
1 203 117 5 183
1 204 96 5 145
1 202 107 5 167
1 199 108 5 172
1 201 110 5 178
1 198 116 5 199
1 199 105 5 177
1 201 93 5 157
1 200 104 5 175
1 200 104 5 175
1 202 97 5 162
1 201 111 5 187
1 203 103 5 172
1 201 97 5 162
1 200 103 5 171
1 200 100 5 165
1 202 105 5 174
1 198 105 5 173
1 203 102 5 168
1 200 109 5 182
1 200 101 5 165
1 197 101 5 165
1 203 97 5 158
1 201 95 5 156
1 199 91 5 150
1 201 109 5 178
1 198 104 5 168
1 198 99 5 161
1 200 101 5 164
1 200 104 5 168
1 201 103 5 173
1 201 101 5 170
1 204 99 5 166
1 211 105 5 177
1 216 98 5 164
1 201 102 5 170
1 198 98 5 163
1 202 97 5 161
1 208 99 5 164
1 207 103 5 171
1 202 102 5 169
1 203 100 5 165
1 199 98 5 161
1 202 99 5 164
1 203 98 5 161
1 201 104 5 171
1 202 100 5 164
1 200 98 5 160
1 208 103 5 168
1 203 97 5 159
1 200 100 5 162
1 203 106 5 172
1 202 94 5 152
1 202 109 5 178
1 202 111 5 183
1 225 107 5 180
1 217 110 5 187
1 211 108 5 183
1 204 105 5 176
1 200 106 5 178
1 208 100 5 166
1 206 102 5 170
1 205 100 5 167
1 203 100 5 167
1 200 103 5 171
1 203 101 5 167
1 203 104 5 171
1 199 113 5 189
1 202 105 5 173
1 203 109 5 181
1 203 100 5 163
1 204 100 5 163
1 201 104 5 170
1 200 116 5 195
1 201 107 5 176
1 199 101 5 164
1 204 109 5 178
1 201 100 5 162
1 200 104 5 168
1 202 103 5 167
1 203 104 5 175
1 205 104 5 175
1 201 102 5 172
1 199 100 5 168
1 199 105 5 176
1 200 103 5 172
1 202 107 5 178
1 197 97 5 162
1 200 116 5 198
1 200 97 5 161
1 202 103 5 170
1 201 101 5 166
1 202 105 5 174
1 204 112 5 188
1 201 104 5 171
1 204 105 5 172
1 200 101 5 165
1 200 101 5 165
1 199 117 5 197
1 199 105 5 172
1 199 111 5 183
1 203 99 5 160
1 198 106 5 172
1 205 106 5 173
1 200 104 5 168
1 203 113 5 187
1 204 89 5 150
1 205 104 5 177
1 199 90 5 159
1 197 105 5 183
1 205 105 5 184
1 201 101 5 176
1 201 105 5 184
1 199 86 5 152
1 198 97 5 169
1 203 103 5 179
1 199 103 5 179
1 202 102 5 176
1 198 104 5 180
1 199 94 5 162
1 198 116 5 205
1 199 101 5 173
1 195 104 5 180
1 200 93 5 160
1 201 96 5 164
1 198 101 5 172
1 202 104 5 178
1 199 100 5 170
1 200 96 5 163
1 200 104 5 177
1 198 101 5 170
1 199 99 5 167
1 200 103 5 174
1 198 108 5 189
1 200 107 5 187
1 206 107 5 187
1 208 105 5 184
1 219 104 5 181
1 201 100 5 174
1 204 105 5 182
1 208 100 5 173
1 231 103 5 178
1 302 103 5 179
1 203 104 5 179
1 201 102 5 176
1 213 102 5 175
1 257 102 5 176
1 737 101 5 174
1 199 103 5 175
1 206 104 5 177
1 213 107 5 183
1 266 99 5 169
1 601 100 5 171
1 200 102 5 172
1 203 102 5 173
1 211 99 5 167
1 226 104 5 176
1 282 102 5 172
1 224 104 5 182
1 222 107 5 188
1 209 106 5 185
1 204 103 5 180
1 202 108 5 189
1 394 99 5 171
1 301 105 5 182
1 232 112 5 196
1 211 110 5 193
1 205 104 5 180
3 1390 192 1 137
1 856 103 5 178
1 268 113 5 198
1 214 106 5 183
1 205 107 5 184
1 2659 103 5 175
1 679 109 5 187
1 282 100 5 171
1 216 105 5 179
1 206 99 5 169
1 316 100 5 169
1 277 103 5 175
1 227 104 5 177
1 209 118 5 206
1 201 107 5 182
1 200 112 5 198
1 200 114 5 204
1 197 107 5 187
1 201 110 5 193
1 200 114 5 204
1 203 112 5 198
1 202 114 5 202
1 201 101 5 175
1 196 108 5 188
1 200 117 5 210
1 200 94 5 162
1 203 114 5 199
1 197 113 5 198
1 201 106 5 182
1 198 94 5 162
1 200 105 5 179
1 202 111 5 192
1 197 106 5 182
1 201 107 5 184
1 201 103 5 176
1 203 103 5 174
1 201 112 5 193
1 203 110 5 189
1 201 109 5 186
1 198 103 5 174
1 200 106 5 184
1 206 97 5 169
1 199 113 5 200
1 202 102 5 185
1 194 108 5 196
1 199 102 5 184
1 198 100 5 181
1 201 99 5 179
1 197 105 5 190
1 199 105 5 190
1 202 98 5 177
1 201 105 5 189
1 198 109 5 197
1 200 106 5 190
1 199 102 5 183
1 199 106 5 191
1 201 110 5 199
1 204 108 5 194
1 202 117 5 215
1 201 109 5 196
1 200 108 5 192
1 197 109 5 195
1 201 113 5 204
1 200 104 5 183
1 201 114 5 204
1 203 100 5 177
1 200 114 5 204
1 201 114 5 206
1 198 107 5 195
1 200 99 5 179
1 200 106 5 193
1 202 104 6 175
1 206 130 6 239
1 206 114 6 195
1 198 88 6 149
1 203 119 6 207
1 199 129 6 238
1 204 103 6 176
1 200 122 6 217
1 204 100 6 173
1 201 123 6 224
1 201 95 6 167
1 200 75 6 140
1 204 108 6 193
1 200 113 6 205
1 206 116 6 219
1 202 100 6 184
1 201 90 6 170
1 201 88 6 167
1 201 99 6 187
1 201 106 6 202
1 203 116 6 230
1 199 112 6 217
1 201 116 6 233
1 201 103 6 204
1 204 119 6 243
1 201 114 6 231
1 198 115 6 233
1 202 97 6 197
1 204 107 6 213
1 203 108 6 217
1 198 110 6 226
1 200 114 6 239
1 200 108 6 224
1 202 119 5 129
1 203 115 6 248
1 199 98 6 209
1 204 112 6 241
1 198 90 6 196
1 199 120 5 143
1 199 106 6 245
1 200 108 6 249
1 203 102 6 243
1 204 117 5 144
1 202 130 5 174
1 197 120 5 153
1 200 115 5 144
1 203 116 5 148
1 202 93 6 232
1 199 108 5 135
1 203 110 5 141
1 200 109 5 140
1 198 115 5 152
1 204 114 5 154
1 196 93 6 248
1 198 101 5 137
1 202 108 5 148
1 197 111 5 153
1 202 100 5 141
1 201 99 5 141
1 204 116 5 172
1 201 106 5 158
1 202 117 5 183
1 202 96 5 145
1 202 107 5 167
1 198 108 5 172
1 202 110 5 178
1 199 116 5 199
1 197 105 5 177
1 201 93 5 157
1 200 104 5 175
1 200 104 5 175
1 201 97 5 162
1 201 111 5 187
1 200 103 5 172
1 199 97 5 162
1 200 103 5 171
1 202 100 5 165
1 204 105 5 174
1 198 105 5 173
1 200 102 5 168
1 198 109 5 182
1 201 101 5 165
1 198 101 5 165
1 200 97 5 158
1 202 95 5 156
1 201 91 5 150
1 200 109 5 178
1 198 104 5 168
1 196 99 5 161
1 200 101 5 164
1 201 104 5 168
1 201 103 5 173
1 201 101 5 170
1 203 99 5 166
1 208 105 5 177
1 210 98 5 164
1 201 102 5 170
1 203 98 5 163
1 200 97 5 161
1 206 99 5 164
1 203 103 5 171
1 201 102 5 169
1 202 100 5 165
1 199 98 5 161
1 201 99 5 164
1 201 98 5 161
1 202 104 5 171
1 204 100 5 164
1 202 98 5 160
1 207 103 5 168
1 202 97 5 159
1 201 100 5 162
1 201 106 5 172
1 200 94 5 152
1 200 109 5 178
1 201 111 5 183
1 220 107 5 180
1 213 110 5 187
1 208 108 5 183
1 204 105 5 176
1 200 106 5 178
1 209 100 5 166
1 205 102 5 170
1 203 100 5 167
1 198 100 5 167
1 202 103 5 171
1 202 101 5 167
1 202 104 5 171
1 199 113 5 189
1 202 105 5 173
1 206 109 5 181
1 200 100 5 163
1 202 100 5 163
1 202 104 5 170
1 199 116 5 195
1 201 107 5 176
1 200 101 5 164
1 203 109 5 178
1 202 100 5 162
1 202 104 5 168
1 201 103 5 167
1 204 104 5 175
1 207 104 5 175
1 201 102 5 172
1 200 100 5 168
1 200 105 5 176
1 200 103 5 172
1 200 107 5 178
1 201 97 5 162
1 198 116 5 198
1 199 97 5 161
1 202 103 5 170
1 202 101 5 166
1 199 105 5 174
1 201 112 5 188
1 201 104 5 171
1 203 105 5 172
1 200 101 5 165
1 199 101 5 165
1 201 117 5 197
1 201 105 5 172
1 198 111 5 183
1 205 99 5 160
1 199 106 5 172
1 204 106 5 173
1 198 104 5 168
1 201 113 5 187
1 203 89 5 150
1 203 104 5 177
1 201 90 5 159
1 195 105 5 183
1 204 105 5 184
1 201 101 5 176
1 201 105 5 184
1 200 86 5 152
1 198 97 5 169
1 204 103 5 179
1 198 103 5 179
1 202 102 5 176
1 200 104 5 180
1 196 94 5 162
1 197 116 5 205
1 199 101 5 173
1 199 104 5 180
1 201 93 5 160
1 201 96 5 164
1 198 101 5 172
1 201 104 5 178
1 201 100 5 170
1 198 96 5 163
1 203 104 5 177
1 199 101 5 170
1 198 99 5 167
1 198 103 5 174
1 200 108 5 189
1 201 107 5 187
1 205 107 5 187
1 205 105 5 184
1 216 104 5 181
1 202 100 5 174
1 202 105 5 182
1 205 100 5 173
1 224 103 5 178
1 277 103 5 179
1 204 104 5 179
1 200 102 5 176
1 207 102 5 175
1 243 102 5 176
1 608 101 5 174
1 200 103 5 175
1 204 104 5 177
1 209 107 5 183
1 249 99 5 169
1 505 100 5 171
1 200 102 5 172
1 203 102 5 173
1 210 99 5 167
1 221 104 5 176
1 261 102 5 172
1 218 104 5 182
1 218 107 5 188
1 205 106 5 185
1 204 103 5 180
1 199 108 5 189
1 348 99 5 171
1 276 105 5 182
1 224 112 5 196
1 208 110 5 193
1 204 104 5 180
3 1104 192 1 137
1 698 103 5 178
1 253 113 5 198
1 211 106 5 183
1 203 107 5 184
1 2069 103 5 175
1 565 109 5 187
1 262 100 5 171
1 211 105 5 179
1 206 99 5 169
1 285 100 5 169
1 259 103 5 175
1 222 104 5 177
1 208 118 5 206
1 202 107 5 182
1 197 112 5 198
1 198 114 5 204
1 197 107 5 187
1 199 110 5 193
1 198 114 5 204
1 202 112 5 198
1 200 114 5 202
1 201 101 5 175
1 198 108 5 188
1 201 117 5 210
1 199 94 5 162
1 202 114 5 199
1 199 113 5 198
1 202 106 5 182
1 199 94 5 162
1 201 105 5 179
1 200 111 5 192
1 199 106 5 182
1 198 107 5 184
1 203 103 5 176
1 204 103 5 174
1 199 112 5 193
1 201 110 5 189
1 199 109 5 186
1 199 103 5 174
1 201 106 5 184
1 203 97 5 169
1 201 113 5 200
1 199 102 5 185
1 198 108 5 196
1 200 102 5 184
1 198 100 5 181
1 200 99 5 179
1 198 105 5 190
1 198 105 5 190
1 201 98 5 177
1 201 105 5 189
1 198 109 5 197
1 199 106 5 190
1 200 102 5 183
1 200 106 5 191
1 199 110 5 199
1 206 108 5 194
1 198 117 5 215
1 199 109 5 196
1 203 108 5 192
1 199 109 5 195
1 200 113 5 204
1 199 104 5 183
1 202 114 5 204
1 200 100 5 177
1 200 114 5 204
1 201 114 5 206
1 198 107 5 195
1 202 99 5 179
1 200 106 5 193
1 203 104 6 175
1 206 130 6 239
1 204 114 6 195
1 197 88 6 149
1 202 119 6 207
1 195 129 6 238
1 204 103 6 176
1 200 122 6 217
1 205 100 6 173
1 200 123 6 224
1 201 95 6 167
1 202 75 6 140
1 202 108 6 193
1 201 113 6 205
1 204 116 6 219
1 201 100 6 184
1 201 90 6 170
1 198 88 6 167
1 201 99 6 187
1 200 106 6 202
1 198 116 6 230
1 200 112 6 217
1 204 116 6 233
1 200 103 6 204
1 204 119 6 243
1 202 114 6 231
1 198 115 6 233
1 201 97 6 197
1 204 107 6 213
1 199 108 6 217
1 198 110 6 226
1 199 114 6 239
1 198 108 6 224
1 198 119 5 129
1 202 115 6 248
1 199 98 6 209
1 201 112 6 241
1 197 90 6 196
1 200 120 5 143
1 202 106 6 245
1 200 108 6 249
1 200 102 6 243
1 203 117 5 144
1 203 130 5 174
1 197 120 5 153
1 198 115 5 144
1 204 116 5 148
1 206 93 6 232
1 201 108 5 135
1 202 110 5 141
1 199 109 5 140
1 199 115 5 152
1 201 114 5 154
1 197 93 6 248
1 199 101 5 137
1 201 108 5 148
1 199 111 5 153
1 202 100 5 141
1 200 99 5 141
1 203 116 5 172
1 201 106 5 158
1 202 117 5 183
1 203 96 5 145
1 202 107 5 167
1 200 108 5 172
1 201 110 5 178
1 200 116 5 199
1 198 105 5 177
1 201 93 5 157
1 199 104 5 175
1 200 104 5 175
1 201 97 5 162
1 203 111 5 187
1 201 103 5 172
1 199 97 5 162
1 200 103 5 171
1 202 100 5 165
1 202 105 5 174
1 199 105 5 173
1 200 102 5 168
1 198 109 5 182
1 201 101 5 165
1 199 101 5 165
1 200 97 5 158
1 202 95 5 156
1 201 91 5 150
1 200 109 5 178
1 200 104 5 168
1 196 99 5 161
1 202 101 5 164
1 201 104 5 168
1 200 103 5 173
1 202 101 5 170
1 202 99 5 166
1 206 105 5 177
1 205 98 5 164
1 198 102 5 170
1 200 98 5 163
1 202 97 5 161
1 208 99 5 164
1 201 103 5 171
1 202 102 5 169
1 202 100 5 165
1 198 98 5 161
1 200 99 5 164
1 200 98 5 161
1 200 104 5 171
1 201 100 5 164
1 201 98 5 160
1 205 103 5 168
1 201 97 5 159
1 202 100 5 162
1 200 106 5 172
1 202 94 5 152
1 201 109 5 178
1 201 111 5 183
1 215 107 5 180
1 210 110 5 187
1 206 108 5 183
1 206 105 5 176
1 200 106 5 178
1 205 100 5 166
1 200 102 5 170
1 200 100 5 167
1 199 100 5 167
1 204 103 5 171
1 201 101 5 167
1 204 104 5 171
1 196 113 5 189
1 203 105 5 173
1 203 109 5 181
1 200 100 5 163
1 204 100 5 163
1 201 104 5 170
1 198 116 5 195
1 202 107 5 176
1 200 101 5 164
1 202 109 5 178
1 201 100 5 162
1 203 104 5 168
1 200 103 5 167
1 204 104 5 175
1 204 104 5 175
1 202 102 5 172
1 199 100 5 168
1 200 105 5 176
1 196 103 5 172
1 201 107 5 178
1 200 97 5 162
1 198 116 5 198
1 198 97 5 161
1 203 103 5 170
1 203 101 5 166
1 202 105 5 174
1 199 112 5 188
1 199 104 5 171
1 201 105 5 172
1 202 101 5 165
1 200 101 5 165
1 204 117 5 197
1 199 105 5 172
1 198 111 5 183
1 205 99 5 160
1 200 106 5 172
1 204 106 5 173
1 200 104 5 168
1 201 113 5 187
1 204 89 5 150
1 203 104 5 177
1 201 90 5 159
1 196 105 5 183
1 200 105 5 184
1 198 101 5 176
1 198 105 5 184
1 199 86 5 152
1 199 97 5 169
1 205 103 5 179
1 199 103 5 179
1 202 102 5 176
1 195 104 5 180
1 199 94 5 162
1 195 116 5 205
1 201 101 5 173
1 198 104 5 180
1 202 93 5 160
1 202 96 5 164
1 199 101 5 172
1 203 104 5 178
1 202 100 5 170
1 198 96 5 163
1 201 104 5 177
1 198 101 5 170
1 198 99 5 167
1 199 103 5 174
1 200 108 5 189
1 199 107 5 187
1 201 107 5 187
1 204 105 5 184
1 212 104 5 181
1 201 100 5 174
1 200 105 5 182
1 203 100 5 173
1 216 103 5 178
1 253 103 5 179
1 202 104 5 179
1 200 102 5 176
1 203 102 5 175
1 228 102 5 176
1 487 101 5 174
1 201 103 5 175
1 203 104 5 177
1 207 107 5 183
1 234 99 5 169
1 412 100 5 171
1 202 102 5 172
1 201 102 5 173
1 209 99 5 167
1 214 104 5 176
1 245 102 5 172
1 211 104 5 182
1 214 107 5 188
1 202 106 5 185
1 204 103 5 180
1 201 108 5 189
1 304 99 5 171
1 254 105 5 182
1 217 112 5 196
1 205 110 5 193
1 203 104 5 180
3 837 192 1 137
1 551 103 5 178
1 237 113 5 198
1 207 106 5 183
1 202 107 5 184
1 1514 103 5 175
1 456 109 5 187
1 244 100 5 171
1 207 105 5 179
1 205 99 5 169
1 262 100 5 169
1 241 103 5 175
1 216 104 5 177
1 206 118 5 206
1 200 107 5 182
1 199 112 5 198
1 199 114 5 204
1 198 107 5 187
1 199 110 5 193
1 199 114 5 204
1 200 112 5 198
1 199 114 5 202
1 199 101 5 175
1 199 108 5 188
1 200 117 5 210
1 198 94 5 162
1 205 114 5 199
1 198 113 5 198
1 200 106 5 182
1 199 94 5 162
1 202 105 5 179
1 202 111 5 192
1 199 106 5 182
1 197 107 5 184
1 200 103 5 176
1 202 103 5 174
1 198 112 5 193
1 200 110 5 189
1 201 109 5 186
1 201 103 5 174
1 202 106 5 184
1 202 97 5 169
1 200 113 5 200
1 200 102 5 185
1 198 108 5 196
1 198 102 5 184
1 198 100 5 181
1 203 99 5 179
1 198 105 5 190
1 201 105 5 190
1 201 98 5 177
1 203 105 5 189
1 197 109 5 197
1 201 106 5 190
1 203 102 5 183
1 200 106 5 191
1 202 110 5 199
1 204 108 5 194
1 198 117 5 215
1 200 109 5 196
1 203 108 5 192
1 200 109 5 195
1 199 113 5 204
1 200 104 5 183
1 201 114 5 204
1 197 100 5 177
1 199 114 5 204
1 201 114 5 206
1 197 107 5 195
1 201 99 5 179
1 201 106 5 193
1 203 104 6 175
1 206 130 6 239
1 203 114 6 195
1 196 88 6 149
1 203 119 6 207
1 196 129 6 238
1 205 103 6 176
1 198 122 6 217
1 204 100 6 173
1 201 123 6 224
1 202 95 6 167
1 204 75 6 140
1 200 108 6 193
1 203 113 6 205
1 204 116 6 219
1 201 100 6 184
1 199 90 6 170
1 200 88 6 167
1 201 99 6 187
1 199 106 6 202
1 197 116 6 230
1 202 112 6 217
1 204 116 6 233
1 200 103 6 204
1 201 119 6 243
1 204 114 6 231
1 198 115 6 233
1 202 97 6 197
1 204 107 6 213
1 200 108 6 217
1 196 110 6 226
1 198 114 6 239
1 200 108 6 224
1 196 119 5 129
1 202 115 6 248
1 199 98 6 209
1 203 112 6 241
1 196 90 6 196
1 200 120 5 143
1 200 106 6 245
1 202 108 6 249
1 201 102 6 243
1 201 117 5 144
1 203 130 5 174
1 199 120 5 153
1 196 115 5 144
1 204 116 5 148
1 202 93 6 232
1 201 108 5 135
1 200 110 5 141
1 198 109 5 140
1 198 115 5 152
1 200 114 5 154
1 196 93 6 248
1 200 101 5 137
1 199 108 5 148
1 198 111 5 153
1 203 100 5 141
1 199 99 5 141
1 203 116 5 172
1 201 106 5 158
1 202 117 5 183
1 199 96 5 145
1 202 107 5 167
1 200 108 5 172
1 200 110 5 178
1 201 116 5 199
1 195 105 5 177
1 201 93 5 157
1 198 104 5 175
1 201 104 5 175
1 200 97 5 162
1 203 111 5 187
1 198 103 5 172
1 200 97 5 162
1 200 103 5 171
1 199 100 5 165
1 206 105 5 174
1 195 105 5 173
1 201 102 5 168
1 198 109 5 182
1 202 101 5 165
1 200 101 5 165
1 200 97 5 158
1 202 95 5 156
1 199 91 5 150
1 198 109 5 178
1 197 104 5 168
1 197 99 5 161
1 203 101 5 164
1 200 104 5 168
1 200 103 5 173
1 201 101 5 170
1 201 99 5 166
1 204 105 5 177
1 203 98 5 164
1 199 102 5 170
1 201 98 5 163
1 202 97 5 161
1 204 99 5 164
1 203 103 5 171
1 200 102 5 169
1 203 100 5 165
1 197 98 5 161
1 200 99 5 164
1 201 98 5 161
1 203 104 5 171
1 201 100 5 164
1 201 98 5 160
1 204 103 5 168
1 198 97 5 159
1 203 100 5 162
1 199 106 5 172
1 201 94 5 152
1 201 109 5 178
1 200 111 5 183
1 212 107 5 180
1 206 110 5 187
1 205 108 5 183
1 204 105 5 176
1 202 106 5 178
1 202 100 5 166
1 200 102 5 170
1 200 100 5 167
1 203 100 5 167
1 200 103 5 171
1 203 101 5 167
1 200 104 5 171
1 196 113 5 189
1 203 105 5 173
1 202 109 5 181
1 201 100 5 163
1 202 100 5 163
1 202 104 5 170
1 200 116 5 195
1 202 107 5 176
1 199 101 5 164
1 202 109 5 178
1 200 100 5 162
1 202 104 5 168
1 199 103 5 167
1 201 104 5 175
1 202 104 5 175
1 201 102 5 172
1 199 100 5 168
1 202 105 5 176
1 197 103 5 172
1 199 107 5 178
1 199 97 5 162
1 199 116 5 198
1 199 97 5 161
1 203 103 5 170
1 201 101 5 166
1 203 105 5 174
1 198 112 5 188
1 200 104 5 171
1 201 105 5 172
1 202 101 5 165
1 199 101 5 165
1 204 117 5 197
1 201 105 5 172
1 199 111 5 183
1 205 99 5 160
1 198 106 5 172
1 201 106 5 173
1 201 104 5 168
1 199 113 5 187
1 203 89 5 150
1 204 104 5 177
1 199 90 5 159
1 196 105 5 183
1 204 105 5 184
1 200 101 5 176
1 202 105 5 184
1 200 86 5 152
1 201 97 5 169
1 204 103 5 179
1 200 103 5 179
1 201 102 5 176
1 197 104 5 180
1 197 94 5 162
1 199 116 5 205
1 199 101 5 173
1 198 104 5 180
1 200 93 5 160
1 202 96 5 164
1 199 101 5 172
1 200 104 5 178
1 199 100 5 170
1 198 96 5 163
1 200 104 5 177
1 194 101 5 170
1 199 99 5 167
1 198 103 5 174
1 200 108 5 189
1 200 107 5 187
1 201 107 5 187
1 203 105 5 184
1 208 104 5 181
1 199 100 5 174
1 200 105 5 182
1 204 100 5 173
1 211 103 5 178
1 235 103 5 179
1 203 104 5 179
1 201 102 5 176
1 201 102 5 175
1 220 102 5 176
1 394 101 5 174
1 200 103 5 175
1 201 104 5 177
1 204 107 5 183
1 220 99 5 169
1 343 100 5 171
1 200 102 5 172
1 200 102 5 173
1 208 99 5 167
1 209 104 5 176
1 230 102 5 172
1 207 104 5 182
1 207 107 5 188
1 201 106 5 185
1 203 103 5 180
1 200 108 5 189
1 274 99 5 171
1 235 105 5 182
1 213 112 5 196
1 204 110 5 193
1 204 104 5 180
3 629 192 1 137
1 441 103 5 178
1 225 113 5 198
1 203 106 5 183
1 202 107 5 184
1 1087 103 5 175
1 374 109 5 187
1 231 100 5 171
1 204 105 5 179
1 203 99 5 169
1 238 100 5 169
1 228 103 5 175
1 210 104 5 177
1 203 118 5 206
1 199 107 5 182
1 199 112 5 198
1 198 114 5 204
1 201 107 5 187
1 200 110 5 193
1 199 114 5 204
1 200 112 5 198
1 201 114 5 202
1 200 101 5 175
1 200 108 5 188
1 203 117 5 210
1 200 94 5 162
1 206 114 5 199
1 199 113 5 198
1 203 106 5 182
1 198 94 5 162
1 200 105 5 179
1 201 111 5 192
1 198 106 5 182
1 199 107 5 184
1 201 103 5 176
1 197 103 5 174
1 197 112 5 193
1 200 110 5 189
1 199 109 5 186
1 200 103 5 174
1 202 106 5 184
1 201 97 5 169
1 197 113 5 200
1 203 102 5 185
1 198 108 5 196
1 200 102 5 184
1 200 100 5 181
1 203 99 5 179
1 196 105 5 190
1 199 105 5 190
1 201 98 5 177
1 205 105 5 189
1 197 109 5 197
1 198 106 5 190
1 203 102 5 183
1 206 106 5 191
1 200 110 5 199
1 204 108 5 194
1 196 117 5 215
1 201 109 5 196
1 203 108 5 192
1 202 109 5 195
1 200 113 5 204
1 199 104 5 183
1 201 114 5 204
1 197 100 5 177
1 199 114 5 204
1 200 114 5 206
1 198 107 5 195
1 201 99 5 179
1 202 106 5 193
