0 
0 
0 
180 
0 
7149 
8992 
11616 
0 
0 
0 
0 
0 
0 
0 
4074 
5110 
7451 
0 
0 
0 
0 
0 
0 
0 
5220 
6527 
9080 
0 
0 
0 
0 
0 
0 
0 
3962 
4974 
6539 
0 
0 
0 
0 
0 
0 
0 
3596 
3810 
3928 
0 
0 
0 
0 
0 
0 
0 
7648 
9629 
12013 
0 
0 
0 
0 
0 
0 
0 
6925 
8676 
11573 
0 
0 
0 
0 
0 
0 
0 
5771 
5894 
6077 
0 
0 
0 
0 
0 
0 
0 
4398 
5499 
8100 
0 
0 
0 
0 
0 
0 
0 
5288 
5584 
5778 
0 
0 
0 
0 
0 
0 
0 
5575 
6948 
10221 
0 
0 
0 
0 
0 
0 
0 
5675 
7130 
9667 
0 
0 
0 
0 
0 
0 
0 
3095 
3879 
5326 
0 
0 
0 
0 
0 
0 
0 
5771 
7223 
9755 
0 
0 
0 
0 
0 
0 
0 
6182 
7794 
9923 
0 
0 
0 
0 
0 
0 
0 
5687 
7178 
8855 
0 
0 
0 
0 
0 
0 
0 
7533 
9482 
11251 
0 
0 
0 
0 
0 
0 
0 
6102 
7640 
9858 
0 
0 
0 
0 
0 
0 
0 
6514 
8157 
10020 
0 
0 
0 
0 
0 
0 
0 
7341 
9259 
10564 
0 
0 
0 
0 
0 
0 
0 
6582 
8277 
9781 
0 
0 
0 
0 
0 
0 
0 
7308 
9203 
10736 
0 
0 
0 
0 
0 
0 
0 
7790 
9770 
12352 
0 
0 
0 
0 
0 
0 
0 
6410 
8052 
10541 
0 
0 
0 
0 
0 
0 
0 
3139 
3914 
5806 
0 
0 
0 
0 
0 
0 
0 
8364 
10570 
12954 
0 
0 
0 
0 
0 
0 
0 
8624 
10886 
12567 
0 
0 
0 
0 
0 
0 
0 
7276 
9194 
10775 
0 
0 
0 
0 
0 
0 
0 
3996 
4969 
7310 
0 
0 
0 
0 
0 
0 
0 
7518 
9465 
12428 
0 
0 
0 
0 
0 
0 
0 
5719 
7161 
9571 
0 
0 
0 
0 
0 
0 
0 
7473 
9407 
11387 
0 
0 
0 
0 
0 
0 
0 
8090 
10191 
12237 
0 
0 
0 
0 
0 
0 
0 
3581 
4481 
6302 
0 
0 
0 
0 
0 
0 
0 
2979 
3727 
5253 
0 
0 
0 
0 
0 
0 
0 
7525 
9496 
11155 
0 
0 
0 
0 
0 
0 
0 
6900 
8684 
11173 
0 
0 
0 
0 
0 
0 
0 
6733 
8433 
10865 
0 
0 
0 
0 
0 
0 
0 
7369 
9243 
12043 
0 
0 
0 
0 
0 
0 
0 
4198 
5212 
7765 
0 
0 
0 
0 
0 
0 
0 
8402 
10578 
12413 
0 
0 
0 
0 
0 
0 
0 
4331 
5441 
7310 
0 
0 
0 
0 
0 
0 
0 
6782 
8510 
10789 
0 
0 
0 
0 
0 
0 
0 
6469 
8118 
10792 
0 
0 
0 
0 
0 
0 
0 
7355 
9259 
11046 
0 
0 
0 
0 
0 
0 
0 
7174 
9003 
12004 
0 
0 
0 
0 
0 
0 
0 
6393 
8046 
10077 
0 
0 
0 
0 
0 
0 
0 
6846 
8639 
10370 
0 
0 
0 
0 
0 
0 
0 
5171 
6479 
8578 
0 
0 
0 
0 
0 
0 
0 
7601 
9541 
11348 
0 
0 
0 
0 
0 
0 
0 
7954 
10063 
11640 
0 
0 
0 
0 
0 
0 
0 
5211 
6554 
8089 
0 
0 
0 
0 
0 
0 
0 
5659 
5953 
6139 
0 
0 
0 
0 
0 
0 
0 
3005 
3747 
5442 
0 
0 
0 
0 
0 
0 
0 
7459 
9389 
12304 
0 
0 
0 
0 
0 
0 
0 
3633 
4562 
6263 
0 
0 
0 
0 
0 
0 
0 
5897 
7426 
8993 
0 
0 
