50 
8 
8 
0 
6477 
7151 
10449 
0 
0 
0 
0 
0 
0 
1741 
4077 
4128 
6157 
0 
0 
0 
0 
0 
0 
1630 
5097 
5346 
7804 
0 
0 
0 
0 
0 
0 
1829 
3660 
3992 
5830 
0 
0 
0 
0 
0 
0 
1039 
2770 
2765 
4076 
0 
0 
0 
0 
0 
0 
1151 
6734 
7623 
11079 
0 
0 
0 
0 
0 
0 
1507 
6523 
7046 
10233 
0 
0 
0 
0 
0 
0 
1958 
4473 
4237 
6284 
0 
0 
0 
0 
0 
0 
2254 
4476 
4509 
6683 
0 
0 
0 
0 
0 
0 
1830 
4064 
4022 
5970 
0 
0 
0 
0 
0 
0 
1715 
5717 
5764 
8465 
0 
0 
0 
0 
0 
0 
2360 
5360 
5722 
8416 
0 
0 
0 
0 
0 
0 
1772 
2976 
3147 
4611 
0 
0 
0 
0 
0 
0 
950 
5489 
5879 
8555 
0 
0 
0 
0 
0 
0 
1763 
5505 
6142 
9004 
0 
0 
0 
0 
0 
0 
1407 
4921 
5613 
8207 
0 
0 
0 
0 
0 
0 
1062 
6390 
7497 
10778 
0 
0 
0 
0 
0 
0 
1053 
5609 
6202 
8936 
0 
0 
0 
0 
0 
0 
1524 
5761 
6593 
9418 
0 
0 
0 
0 
0 
0 
1244 
6001 
7241 
10392 
0 
0 
0 
0 
0 
0 
715 
5591 
6578 
9413 
0 
0 
0 
0 
0 
0 
924 
6107 
7254 
10407 
0 
0 
0 
0 
0 
0 
865 
7017 
7872 
11341 
0 
0 
0 
0 
0 
0 
1710 
5913 
6469 
9417 
0 
0 
0 
0 
0 
0 
1694 
3228 
3236 
4773 
0 
0 
0 
0 
0 
0 
1327 
7163 
8215 
12045 
0 
0 
0 
0 
0 
0 
1535 
7083 
8474 
12233 
0 
0 
0 
0 
0 
0 
958 
6035 
7147 
10363 
0 
0 
0 
0 
0 
0 
890 
4120 
4164 
6073 
0 
0 
0 
0 
0 
0 
1636 
6889 
7519 
11040 
0 
0 
0 
0 
0 
0 
2013 
5405 
5829 
8460 
0 
0 
0 
0 
0 
0 
1672 
6431 
7434 
10742 
0 
0 
0 
0 
0 
0 
1260 
6909 
8037 
11606 
0 
0 
0 
0 
0 
0 
1258 
3516 
3659 
5370 
0 
0 
0 
0 
0 
0 
1277 
2929 
3042 
4468 
0 
0 
0 
0 
0 
0 
1060 
6273 
7421 
10726 
0 
0 
0 
0 
0 
0 
960 
6238 
6907 
10083 
0 
0 
0 
0 
0 
0 
1640 
6169 
6828 
9852 
0 
0 
0 
0 
0 
0 
1626 
6782 
7449 
10813 
0 
0 
0 
0 
0 
0 
1893 
4388 
4403 
6414 
0 
0 
0 
0 
0 
0 
1841 
7074 
8364 
11991 
0 
0 
0 
0 
0 
0 
1105 
4063 
4364 
6401 
0 
0 
0 
0 
0 
0 
1249 
6111 
6842 
9876 
0 
0 
0 
0 
0 
0 
1503 
6028 
6521 
9528 
0 
0 
0 
0 
0 
0 
1843 
6265 
7323 
10542 
0 
0 
0 
0 
0 
0 
1047 
6724 
7264 
10589 
0 
0 
0 
0 
0 
0 
2091 
5654 
6381 
9274 
0 
0 
0 
0 
0 
0 
1333 
5806 
6761 
9814 
0 
0 
0 
0 
0 
0 
1043 
4832 
5251 
7623 
0 
0 
0 
0 
0 
0 
1441 
6520 
7633 
10890 
0 
0 
0 
0 
0 
0 
1147 
6497 
7770 
11285 
0 
0 
0 
0 
0 
0 
890 
4572 
5213 
7535 
0 
0 
0 
0 
0 
0 
932 
4377 
4334 
6371 
0 
0 
0 
0 
0 
0 
1932 
3066 
3124 
4555 
0 
0 
0 
0 
0 
0 
1146 
6824 
7458 
10944 
0 
0 
0 
0 
0 
0 
2000 
3471 
3673 
5405 
0 
0 
0 
0 
0 
0 
1180 
5067 
5858 
8474 
0 
0 
0 
