135 0 0 0
135 0 0 0
132 0 0 0
368 6572 0 0
17364 16996 0 0
23050 22921 1 4095
20515 11851 0 0
15618 0 0 0
11045 0 0 0
7483 0 0 0
112 0 0 0
109 0 0 0
110 0 0 0
244 4127 0 0
10948 10730 0 0
14641 14529 1 4095
13061 7596 0 0
9965 0 0 0
7062 0 0 0
4805 0 0 0
132 0 0 0
133 0 0 0
130 0 0 0
337 5178 0 0
13685 13317 0 0
18007 17882 1 4095
15995 9134 0 0
12162 0 0 0
8592 0 0 0
5845 0 0 0
89 0 0 0
91 0 0 0
89 0 0 0
229 3715 0 0
9825 9584 0 0
12989 12908 1 4095
11568 6646 0 0
8798 0 0 0
6225 0 0 0
4233 0 0 0
83 0 0 0
84 0 0 0
83 0 0 0
192 2811 0 0
7445 7242 0 0
9821 9739 1 4095
8728 4990 0 0
6635 0 0 0
4703 0 0 0
3197 0 0 0
123 0 0 0
123 0 0 0
124 0 0 0
373 6839 0 0
18044 17656 0 0
23897 23786 1 4095
21265 12264 0 0
16183 0 0 0
11434 0 0 0
7759 0 0 0
143 0 0 0
144 0 0 0
141 0 0 0
403 6629 0 0
17491 17034 0 0
22990 22862 1 4095
20416 11663 0 0
15522 0 0 0
10978 0 0 0
7449 0 0 0
152 0 0 0
146 0 0 0
145 0 0 0
319 4535 0 0
12031 11680 0 0
15834 15696 1 4095
14072 8034 0 0
10722 0 0 0
7590 0 0 0
5154 0 0 0
146 0 0 0
147 0 0 0
146 0 0 0
310 4537 0 0
12042 11733 0 0
15966 15829 1 4095
14238 8196 0 0
10854 0 0 0
7668 0 0 0
5238 0 0 0
155 0 0 0
152 0 0 0
148 0 0 0
292 4113 0 0
10953 10644 0 0
14490 14359 1 4095
12927 7422 0 0
9851 0 0 0
6984 0 0 0
4760 0 0 0
149 0 0 0
151 0 0 0
155 0 0 0
381 5804 0 0
15333 14918 0 0
20179 20032 1 4095
17927 10244 0 0
13650 0 0 0
9646 0 0 0
6574 0 0 0
127 0 0 0
128 0 0 0
124 0 0 0
315 5434 0 0
14382 14069 0 0
19108 18994 1 4095
17034 9847 0 0
12971 0 0 0
9180 0 0 0
6239 0 0 0
75 0 0 0
77 0 0 0
76 0 0 0
188 3019 0 0
7987 7784 0 0
10548 10480 1 4095
9390 5389 0 0
7143 0 0 0
5063 0 0 0
3434 0 0 0
128 0 0 0
127 0 0 0
127 0 0 0
351 5581 0 0
14727 14341 0 0
19368 19251 1 4095
17210 9832 0 0
13083 0 0 0
9247 0 0 0
6284 0 0 0
104 0 0 0
104 0 0 0
102 0 0 0
288 5581 0 0
14755 14478 0 0
19668 19578 1 4095
17547 10188 0 0
13345 0 0 0
9430 0 0 0
6392 0 0 0
76 0 0 0
76 0 0 0
76 0 0 0
241 4989 0 0
13172 12946 0 0
17576 17509 1 4095
15677 9120 0 0
11930 0 0 0
8433 0 0 0
5719 0 0 0
85 0 0 0
84 0 0 0
82 0 0 0
340 6502 0 0
17100 16710 0 0
22497 22428 1 4095
19974 11445 0 0
15176 0 0 0
10719 0 0 0
7246 0 0 0
103 0 0 0
100 0 0 0
100 0 0 0
340 5710 0 0
15025 14619 0 0
19651 19563 1 4095
17419 9902 0 0
13233 0 0 0
9355 0 0 0
6330 0 0 0
102 0 0 0
102 0 0 0
101 0 0 0
366 5876 0 0
15435 14986 0 0
20090 20000 1 4095
17786 10051 0 0
13501 0 0 0
9538 0 0 0
6446 0 0 0
70 0 0 0
70 0 0 0
69 0 0 0
308 6109 0 0
16061 15720 0 0
21179 21119 1 4095
18812 10807 0 0
14293 0 0 0
10091 0 0 0
6821 0 0 0
72 0 0 0
74 0 0 0
71 0 0 0
308 5695 0 0
14965 14594 0 0
19600 19540 1 4095
17374 9904 0 0
13194 0 0 0
9307 0 0 0
6296 0 0 0
77 0 0 0
75 0 0 0
73 0 0 0
324 6217 0 0
16344 15976 0 0
21501 21435 1 4095
19080 10931 0 0
14499 0 0 0
10233 0 0 0
6930 0 0 0
142 0 0 0
140 0 0 0
139 0 0 0
433 7141 0 0
18815 18310 0 0
24654 24529 1 4095
21870 12454 0 0
16621 0 0 0
11761 0 0 0
7965 0 0 0
127 0 0 0
129 0 0 0
125 0 0 0
351 6004 0 0
15856 15476 0 0
20938 20821 1 4095
18612 10687 0 0
14157 0 0 0
9999 0 0 0
6781 0 0 0
85 0 0 0
85 0 0 0
87 0 0 0
213 3277 0 0
8662 8443 0 0
11445 11356 1 4095
10171 5837 0 0
7756 0 0 0
5473 0 0 0
3727 0 0 0
112 0 0 0
111 0 0 0
107 0 0 0
340 7258 0 0
19181 18886 0 0
25688 25592 1 4095
22941 13400 0 0
17463 0 0 0
12352 0 0 0
8371 0 0 0
87 0 0 0
87 0 0 0
88 0 0 0
353 7202 0 0
18952 18591 0 0
25127 25046 1 4095
22353 12917 0 0
16995 0 0 0
11998 0 0 0
8113 0 0 0
75 0 0 0
73 0 0 0
74 0 0 0
284 6128 0 0
16151 15866 0 0
21480 21419 1 4095
19137 11103 0 0
14553 0 0 0
10280 0 0 0
6945 0 0 0
137 0 0 0
134 0 0 0
137 0 0 0
315 4190 0 0
11085 10730 0 0
14491 14359 1 4095
12854 7279 0 0
9792 0 0 0
6943 0 0 0
4732 0 0 0
140 0 0 0
139 0 0 0
139 0 0 0
375 6983 0 0
18466 18101 0 0
24589 24460 1 4095
21918 12712 0 0
16692 0 0 0
11817 0 0 0
8014 0 0 0
136 0 0 0
139 0 0 0
137 0 0 0
359 5494 0 0
14511 14104 0 0
19045 18919 1 4095
16916 9635 0 0
12853 0 0 0
9083 0 0 0
6175 0 0 0
94 0 0 0
93 0 0 0
96 0 0 0
344 6540 0 0
17211 16837 0 0
22723 22640 1 4095
20200 11612 0 0
15349 0 0 0
10829 0 0 0
7325 0 0 0
132 0 0 0
130 0 0 0
129 0 0 0
396 7024 0 0
18529 18100 0 0
24459 24343 1 4095
21745 12488 0 0
16532 0 0 0
11695 0 0 0
7926 0 0 0
101 0 0 0
100 0 0 0
99 0 0 0
233 3567 0 0
9450 9201 0 0
12475 12382 1 4095
11100 6362 0 0
8450 0 0 0
5987 0 0 0
4062 0 0 0
81 0 0 0
82 0 0 0
81 0 0 0
194 2972 0 0
7869 7665 0 0
10395 10316 1 4095
9247 5304 0 0
7045 0 0 0
4989 0 0 0
3392 0 0 0
74 0 0 0
68 0 0 0
67 0 0 0
302 6377 0 0
16789 16478 0 0
22259 22199 1 4095
19802 11448 0 0
15054 0 0 0
10627 0 0 0
7185 0 0 0
141 0 0 0
139 0 0 0
136 0 0 0
363 6328 0 0
16737 16365 0 0
22197 22069 1 4095
19760 11397 0 0
15031 0 0 0
10643 0 0 0
7198 0 0 0
116 0 0 0
115 0 0 0
115 0 0 0
377 6279 0 0
16528 16091 0 0
21655 21550 1 4095
19204 10934 0 0
14593 0 0 0
10320 0 0 0
6998 0 0 0
143 0 0 0
143 0 0 0
143 0 0 0
412 6893 0 0
18185 17728 0 0
23939 23812 1 4095
21275 12182 0 0
16187 0 0 0
11433 0 0 0
7751 0 0 0
154 0 0 0
149 0 0 0
151 0 0 0
345 4465 0 0
11815 11412 0 0
15390 15254 1 4095
13656 7705 0 0
10403 0 0 0
7364 0 0 0
5005 0 0 0
71 0 0 0
70 0 0 0
68 0 0 0
359 7202 0 0
18910 18484 0 0
24839 24786 1 4095
22039 12615 0 0
16734 0 0 0
11812 0 0 0
7984 0 0 0
94 0 0 0
91 0 0 0
93 0 0 0
236 4121 0 0
10900 10658 0 0
14462 14375 1 4095
12875 7436 0 0
9812 0 0 0
6937 0 0 0
4712 0 0 0
104 0 0 0
106 0 0 0
103 0 0 0
353 6215 0 0
16367 15957 0 0
21492 21397 1 4095
19063 10893 0 0
14501 0 0 0
10235 0 0 0
6932 0 0 0
144 0 0 0
141 0 0 0
143 0 0 0
370 6121 0 0
16176 15798 0 0
21414 21270 1 4095
19036 10953 0 0
14496 0 0 0
10260 0 0 0
6971 0 0 0
75 0 0 0
74 0 0 0
73 0 0 0
323 6374 0 0
16758 16389 0 0
22065 22009 1 4095
19607 11248 0 0
14887 0 0 0
10505 0 0 0
7101 0 0 0
149 0 0 0
147 0 0 0
144 0 0 0
399 6826 0 0
18032 17598 0 0
23807 23670 1 4095
21151 12146 0 0
16100 0 0 0
11390 0 0 0
7728 0 0 0
98 0 0 0
100 0 0 0
98 0 0 0
309 5741 0 0
15145 14818 0 0
20046 19958 1 4095
17836 10277 0 0
13559 0 0 0
9581 0 0 0
6500 0 0 0
77 0 0 0
73 0 0 0
74 0 0 0
282 5897 0 0
15540 15255 0 0
20643 20580 1 4095
18385 10651 0 0
13986 0 0 0
9880 0 0 0
6688 0 0 0
109 0 0 0
108 0 0 0
107 0 0 0
300 4910 0 0
12964 12623 0 0
17038 16942 1 4095
15134 8650 0 0
11522 0 0 0
8148 0 0 0
5530 0 0 0
83 0 0 0
85 0 0 0
83 0 0 0
374 6648 0 0
17444 16983 0 0
22761 22688 1 4095
20147 11433 0 0
15296 0 0 0
10791 0 0 0
7298 0 0 0
70 0 0 0
71 0 0 0
69 0 0 0
291 6594 0 0
17378 17108 0 0
23194 23134 1 4095
20682 12049 0 0
15739 0 0 0
11121 0 0 0
7517 0 0 0
78 0 0 0
82 0 0 0
81 0 0 0
260 4648 0 0
12246 11955 0 0
16136 16065 1 4095
14342 8222 0 0
10900 0 0 0
7702 0 0 0
5216 0 0 0
149 0 0 0
147 0 0 0
146 0 0 0
320 4442 0 0
11778 11424 0 0
15477 15336 1 4095
13745 7829 0 0
10467 0 0 0
7431 0 0 0
5066 0 0 0
85 0 0 0
87 0 0 0
84 0 0 0
212 3114 0 0
8233 7984 0 0
10773 10695 1 4095
9556 5426 0 0
7276 0 0 0
5150 0 0 0
3496 0 0 0
134 0 0 0
129 0 0 0
128 0 0 0
365 6918 0 0
18287 17936 0 0
24351 24229 1 4095
21694 12581 0 0
16516 0 0 0
11704 0 0 0
7931 0 0 0
78 0 0 0
76 0 0 0
75 0 0 0
198 3518 0 0
9310 9109 0 0
12363 12293 1 4095
11014 6368 0 0
8395 0 0 0
5936 0 0 0
4026 0 0 0
79 0 0 0
74 0 0 0
76 0 0 0
270 5152 0 0
13572 13283 0 0
17941 17871 1 4095
15945 9177 0 0
12119 0 0 0
8563 0 0 0
5793 0 0 0
