135 135 132 368 17364 23050 20515 15618 11045 7483 
112 109 110 244 10948 14641 13061 9965 7062 4805 
132 133 130 337 13685 18007 15995 12162 8592 5845 
89 91 89 229 9825 12989 11568 8798 6225 4233 
83 84 83 192 7445 9821 8728 6635 4703 3197 
123 123 124 373 18044 23897 21265 16183 11434 7759 
143 144 141 403 17491 22990 20416 15522 10978 7449 
152 146 145 319 12031 15834 14072 10722 7590 5154 
146 147 146 310 12042 15966 14238 10854 7668 5238 
155 152 148 292 10953 14490 12927 9851 6984 4760 
149 151 155 381 15333 20179 17927 13650 9646 6574 
127 128 124 315 14382 19108 17034 12971 9180 6239 
75 77 76 188 7987 10548 9390 7143 5063 3434 
128 127 127 351 14727 19368 17210 13083 9247 6284 
104 104 102 288 14755 19668 17547 13345 9430 6392 
76 76 76 241 13172 17576 15677 11930 8433 5719 
85 84 82 340 17100 22497 19974 15176 10719 7246 
103 100 100 340 15025 19651 17419 13233 9355 6330 
102 102 101 366 15435 20090 17786 13501 9538 6446 
70 70 69 308 16061 21179 18812 14293 10091 6821 
72 74 71 308 14965 19600 17374 13194 9307 6296 
77 75 73 324 16344 21501 19080 14499 10233 6930 
142 140 139 433 18815 24654 21870 16621 11761 7965 
127 129 125 351 15856 20938 18612 14157 9999 6781 
85 85 87 213 8662 11445 10171 7756 5473 3727 
112 111 107 340 19181 25688 22941 17463 12352 8371 
87 87 88 353 18952 25127 22353 16995 11998 8113 
75 73 74 284 16151 21480 19137 14553 10280 6945 
137 134 137 315 11085 14491 12854 9792 6943 4732 
140 139 139 375 18466 24589 21918 16692 11817 8014 
136 139 137 359 14511 19045 16916 12853 9083 6175 
94 93 96 344 17211 22723 20200 15349 10829 7325 
132 130 129 396 18529 24459 21745 16532 11695 7926 
101 100 99 233 9450 12475 11100 8450 5987 4062 
81 82 81 194 7869 10395 9247 7045 4989 3392 
74 68 67 302 16789 22259 19802 15054 10627 7185 
141 139 136 363 16737 22197 19760 15031 10643 7198 
116 115 115 377 16528 21655 19204 14593 10320 6998 
143 143 143 412 18185 23939 21275 16187 11433 7751 
154 149 151 345 11815 15390 13656 10403 7364 5005 
71 70 68 359 18910 24839 22039 16734 11812 7984 
94 91 93 236 10900 14462 12875 9812 6937 4712 
104 106 103 353 16367 21492 19063 14501 10235 6932 
144 141 143 370 16176 21414 19036 14496 10260 6971 
75 74 73 323 16758 22065 19607 14887 10505 7101 
149 147 144 399 18032 23807 21151 16100 11390 7728 
98 100 98 309 15145 20046 17836 13559 9581 6500 
77 73 74 282 15540 20643 18385 13986 9880 6688 
109 108 107 300 12964 17038 15134 11522 8148 5530 
83 85 83 374 17444 22761 20147 15296 10791 7298 
70 71 69 291 17378 23194 20682 15739 11121 7517 
78 82 81 260 12246 16136 14342 10900 7702 5216 
149 147 146 320 11778 15477 13745 10467 7431 5066 
85 87 84 212 8233 10773 9556 7276 5150 3496 
134 129 128 365 18287 24351 21694 16516 11704 7931 
78 76 75 198 9310 12363 11014 8395 5936 4026 
79 74 76 270 13572 17941 15945 12119 8563 5793 
