1 195 102 6 173
62
1 199 102 6 173
65
1 193 102 6 173
61
1 197 102 6 173
64
1 195 102 6 173
62
1 195 102 6 173
62
1 199 102 6 173
65
1 196 102 6 173
63
1 204 102 6 173
68
1 203 102 6 173
68
1 195 102 6 173
62
1 193 102 6 173
61
1 199 102 6 173
65
1 196 102 6 173
63
1 198 102 6 173
64
1 200 102 6 173
66
1 200 102 6 173
66
1 191 102 6 173
60
1 200 102 6 173
66
1 200 102 6 173
66
1 204 102 6 173
68
1 201 102 6 173
66
1 204 102 6 173
68
1 207 102 6 173
70
1 204 102 6 173
68
1 210 102 6 173
72
1 211 102 6 173
73
1 212 102 6 173
74
1 210 102 6 173
72
1 210 102 6 173
72
1 201 102 6 173
66
1 204 102 6 173
68
1 203 102 6 173
68
1 199 102 6 173
65
1 201 102 6 173
66
1 206 102 6 173
70
1 201 102 6 173
66
1 204 102 6 173
68
1 205 102 6 173
69
1 203 102 6 173
68
1 207 102 6 173
70
1 207 102 6 173
70
1 212 102 6 173
74
1 209 102 6 173
72
1 206 102 6 173
70
1 210 102 6 173
72
1 210 102 6 173
72
1 211 102 6 173
73
1 208 102 6 173
71
1 209 102 6 173
72
1 208 102 6 173
71
1 211 102 6 173
73
1 212 102 6 173
74
1 211 102 6 173
73
1 215 102 6 173
76
1 208 102 6 173
71
1 210 102 6 173
72
1 211 102 6 173
73
1 208 102 6 173
71
1 208 102 6 173
71
1 203 102 6 173
68
1 205 102 6 173
69
1 207 102 6 173
70
1 219 102 6 173
79
1 216 102 6 173
77
1 222 102 6 173
81
1 216 102 6 173
77
1 215 102 6 173
76
1 209 102 6 173
72
1 205 102 6 173
69
1 201 102 6 173
66
1 201 102 6 173
66
1 203 102 6 173
68
1 209 102 6 173
72
1 211 102 6 173
73
1 209 102 6 173
72
1 207 102 6 173
70
1 205 102 6 173
69
1 203 102 6 173
68
1 202 102 6 173
67
1 216 102 6 173
77
1 218 102 6 173
78
1 215 102 6 173
76
1 213 102 6 173
75
1 214 102 6 173
75
1 220 102 6 173
79
1 253 102 6 173
102
1 259 102 6 173
106
1 253 102 6 173
102
1 247 102 6 173
97
1 202 102 6 173
67
1 206 102 6 173
70
1 202 102 6 173
67
1 199 102 6 173
65
1 205 102 6 173
69
1 200 102 6 173
66
1 194 102 6 173
62
1 198 102 6 173
64
1 197 102 6 173
64
1 200 102 6 173
66
1 201 102 6 173
66
1 199 102 6 173
65
1 195 102 6 173
62
1 189 102 6 173
58
1 192 102 6 173
60
1 195 102 6 173
62
1 199 102 6 173
65
1 200 102 6 173
66
1 201 102 6 173
66
1 202 102 6 173
67
1 200 102 6 173
66
1 197 102 6 173
64
1 206 102 6 173
70
1 211 102 6 173
73
1 208 102 6 173
71
1 210 102 6 173
72
1 212 102 6 173
74
1 211 102 6 173
73
1 205 102 6 173
69
1 204 102 6 173
68
1 212 102 6 173
74
1 215 102 6 173
76
1 210 102 6 173
72
1 207 102 6 173
70
1 209 102 6 173
72
1 211 102 6 173
73
1 207 102 6 173
70
1 209 102 6 173
72
1 205 102 6 173
69
1 210 102 6 173
72
1 201 102 6 173
66
1 207 102 6 173
70
1 203 102 6 173
68
1 198 102 6 173
64
1 204 102 6 173
68
1 210 102 6 173
72
1 207 102 6 173
70
1 205 102 6 173
69
1 207 102 6 173
70
1 208 102 6 173
71
1 207 102 6 173
70
1 210 102 6 173
72
1 208 102 6 173
71
1 210 102 6 173
72
1 214 102 6 173
75
1 216 102 6 173
77
1 214 102 6 173
75
1 212 102 6 173
74
1 209 102 6 173
72
1 212 102 6 173
74
1 207 102 6 173
70
1 208 102 6 173
71
1 214 102 6 173
75
1 208 102 6 173
71
1 212 102 6 173
74
1 208 102 6 173
71
1 205 102 6 173
69
1 207 102 6 173
70
1 207 102 6 173
70
1 204 102 6 173
68
1 203 102 6 173
68
1 201 102 6 173
66
1 201 102 6 173
66
1 201 102 6 173
66
1 199 102 6 173
65
1 196 102 6 173
63
1 210 102 6 173
72
1 212 102 6 173
74
1 219 102 6 173
79
1 215 102 6 173
76
1 198 102 6 173
64
1 203 102 6 173
68
1 271 102 6 173
114
1 296 102 6 173
131
1 281 102 6 173
120
1 262 102 6 173
108
1 242 102 6 173
94
1 230 102 6 173
86
1 225 102 6 173
83
1 217 102 6 173
77
1 197 102 6 173
64
1 198 102 6 173
64
1 201 102 6 173
66
1 197 102 6 173
64
1 196 102 6 173
63
1 195 102 6 173
62
1 199 102 6 173
65
1 202 102 6 173
67
1 199 102 6 173
65
1 202 102 6 173
67
1 208 102 6 173
71
1 208 102 6 173
71
1 206 102 6 173
70
1 212 102 6 173
74
1 207 102 6 173
70
1 208 102 6 173
71
1 211 102 6 173
73
1 217 102 6 173
77
1 209 102 6 173
72
1 206 102 6 173
70
1 207 102 6 173
70
1 205 102 6 173
69
1 203 102 6 173
68
1 201 102 6 173
66
1 200 102 6 173
66
1 200 102 6 173
66
1 198 102 6 173
64
1 203 102 6 173
68
1 209 102 6 173
72
1 210 102 6 173
72
1 211 102 6 173
73
1 211 102 6 173
73
1 203 102 6 173
68
1 207 102 6 173
70
1 200 102 6 173
66
1 200 102 6 173
66
1 201 102 6 173
66
1 205 102 6 173
69
1 203 102 6 173
68
1 200 102 6 173
66
1 204 102 6 173
68
1 199 102 6 173
65
1 198 102 6 173
64
1 193 102 6 173
61
1 200 102 6 173
66
1 197 102 6 173
64
1 205 102 6 173
69
1 211 102 6 173
73
1 214 102 6 173
75
1 209 102 6 173
72
1 212 102 6 173
74
1 208 102 6 173
71
1 207 102 6 173
70
1 210 102 6 173
72
1 203 102 6 173
68
1 204 102 6 173
68
1 205 102 6 173
69
1 202 102 6 173
67
1 207 102 6 173
70
1 202 102 6 173
67
1 222 102 6 173
81
1 227 102 6 173
84
1 224 102 6 173
82
1 221 102 6 173
80
1 212 102 6 173
74
1 209 102 6 173
72
1 209 102 6 173
72
1 203 102 6 173
68
1 205 102 6 173
69
1 198 102 6 173
64
1 221 102 6 173
80
1 223 102 6 173
81
1 217 102 6 173
77
1 216 102 6 173
77
1 212 102 6 173
74
1 209 102 6 173
72
1 213 102 6 173
75
1 210 102 6 173
72
1 206 102 6 173
70
1 209 102 6 173
72
1 192 102 6 173
60
1 196 102 6 173
63
1 194 102 6 173
62
1 195 102 6 173
62
1 201 102 6 173
66
1 202 102 6 173
67
1 199 102 6 173
65
1 200 102 6 173
66
1 196 102 6 173
63
1 201 102 6 173
66
1 209 102 6 173
72
1 207 102 6 173
70
1 205 102 6 173
69
1 209 102 6 173
72
1 200 102 6 173
66
1 205 102 6 173
69
1 205 102 6 173
69
1 203 102 6 173
68
1 202 102 6 173
67
1 203 102 6 173
68
1 201 102 6 173
66
1 205 102 6 173
69
1 202 102 6 173
67
1 199 102 6 173
65
1 199 102 6 173
65
1 200 102 6 173
66
1 205 102 6 173
69
1 206 102 6 173
70
1 205 102 6 173
69
1 200 102 6 173
66
1 198 102 6 173
64
1 200 102 6 173
66
1 200 102 6 173
66
1 202 102 6 173
67
1 200 102 6 173
66
1 201 102 6 173
66
1 197 102 6 173
64
1 201 102 6 173
66
1 201 102 6 173
66
1 204 102 6 173
68
1 205 102 6 173
69
1 199 102 6 173
65
1 205 102 6 173
69
1 207 102 6 173
70
1 202 102 6 173
67
1 202 102 6 173
67
1 201 102 6 173
66
1 205 102 6 173
69
1 205 102 6 173
69
1 203 102 6 173
68
1 205 102 6 173
69
1 200 102 6 173
66
1 198 102 6 173
64
1 203 102 6 173
68
1 204 102 6 173
68
1 201 102 6 173
66
1 197 102 6 173
64
1 198 102 6 173
64
1 192 102 6 173
60
1 192 102 6 173
60
1 223 102 6 173
81
1 216 102 6 173
77
1 212 102 6 173
74
1 204 102 6 173
68
1 202 102 6 173
67
1 202 102 6 173
67
1 206 102 6 173
70
1 207 102 6 173
70
1 201 102 6 173
66
1 200 102 6 173
66
1 209 102 6 173
72
1 206 102 6 173
70
1 208 102 6 173
71
1 205 102 6 173
69
1 204 102 6 173
68
1 204 102 6 173
68
1 206 102 6 173
70
1 206 102 6 173
70
1 209 102 6 173
72
1 202 102 6 173
67
1 211 102 6 173
73
1 211 102 6 173
73
1 212 102 6 173
74
1 213 102 6 173
75
1 215 102 6 173
76
1 212 102 6 173
74
1 209 102 6 173
72
1 210 102 6 173
72
1 204 102 6 173
68
1 202 102 6 173
67
1 203 102 6 173
68
1 202 102 6 173
67
1 201 102 6 173
66
1 202 102 6 173
67
1 204 102 6 173
68
1 205 102 6 173
69
1 206 102 6 173
70
1 209 102 6 173
72
1 213 102 6 173
75
1 212 102 6 173
74
1 204 102 6 173
68
1 205 102 6 173
69
1 203 102 6 173
68
1 197 102 6 173
64
1 197 102 6 173
64
1 202 102 6 173
67
1 198 102 6 173
64
1 201 102 6 173
66
1 207 102 6 173
70
1 203 102 6 173
68
1 232 102 6 173
87
1 232 102 6 173
87
1 221 102 6 173
80
1 223 102 6 173
81
1 227 102 6 173
84
1 236 102 6 173
90
1 228 102 6 173
85
1 223 102 6 173
81
1 215 102 6 173
76
1 213 102 6 173
75
1 201 102 6 173
66
1 205 102 6 173
69
1 202 102 6 173
67
1 205 102 6 173
69
1 206 102 6 173
70
1 207 102 6 173
70
1 210 102 6 173
72
1 210 102 6 173
72
1 204 102 6 173
68
1 202 102 6 173
67
1 201 102 6 173
66
1 202 102 6 173
67
1 200 102 6 173
66
1 204 102 6 173
68
1 204 102 6 173
68
1 202 102 6 173
67
1 205 102 6 173
69
1 201 102 6 173
66
1 203 102 6 173
68
1 207 102 6 173
70
1 199 102 6 173
65
1 195 102 6 173
62
1 199 102 6 173
65
1 195 102 6 173
62
1 197 102 6 173
64
1 198 102 6 173
64
1 197 102 6 173
64
1 194 102 6 173
62
1 200 102 6 173
66
1 203 102 6 173
68
1 200 102 6 173
66
1 201 102 6 173
66
1 202 102 6 173
67
1 200 102 6 173
66
1 201 102 6 173
66
1 197 102 6 173
64
1 198 102 6 173
64
1 199 102 6 173
65
1 202 102 6 173
67
1 201 102 6 173
66
1 201 102 6 173
66
1 205 102 6 173
69
1 209 102 6 173
72
1 211 102 6 173
73
1 209 102 6 173
72
1 209 102 6 173
72
1 208 102 6 173
71
1 206 102 6 173
70
1 205 102 6 173
69
1 205 102 6 173
69
1 207 102 6 173
70
1 208 102 6 173
71
1 210 102 6 173
72
1 206 102 6 173
70
1 207 102 6 173
70
1 210 102 6 173
72
1 214 102 6 173
75
1 205 102 6 173
69
1 205 102 6 173
69
1 202 102 6 173
67
1 211 102 6 173
73
1 215 102 6 173
76
1 212 102 6 173
74
1 208 102 6 173
71
1 212 102 6 173
74
1 210 102 6 173
72
1 212 102 6 173
74
1 209 102 6 173
72
1 208 102 6 173
71
1 206 102 6 173
70
1 204 102 6 173
68
1 203 102 6 173
68
1 200 102 6 173
66
1 206 102 6 173
70
1 202 102 6 173
67
1 198 102 6 173
64
1 202 102 6 173
67
1 197 102 6 173
64
1 200 102 6 173
66
1 198 102 6 173
64
1 208 102 6 173
71
1 202 102 6 173
67
1 206 102 6 173
70
1 206 102 6 173
70
1 208 102 6 173
71
1 209 102 6 173
72
1 211 102 6 173
73
1 213 102 6 173
75
1 213 102 6 173
75
1 214 102 6 173
75
1 206 102 6 173
70
1 201 102 6 173
66
1 205 102 6 173
69
1 201 102 6 173
66
1 205 102 6 173
69
1 208 102 6 173
71
1 202 102 6 173
67
1 205 102 6 173
69
1 208 102 6 173
71
1 209 102 6 173
72
1 204 102 6 173
68
1 200 102 6 173
66
1 201 102 6 173
66
1 196 102 6 173
63
1 201 102 6 173
66
1 205 102 6 173
69
1 204 102 6 173
68
1 202 102 6 173
67
1 209 102 6 173
72
1 199 102 6 173
65
1 209 102 6 173
72
1 200 102 6 173
66
1 203 102 6 173
68
1 202 102 6 173
67
1 207 102 6 173
70
1 215 102 6 173
76
1 216 102 6 173
77
1 206 102 6 173
70
1 206 102 6 173
70
1 198 102 6 173
64
1 203 102 6 173
68
1 208 102 6 173
71
1 206 102 6 173
70
1 202 102 6 173
67
1 205 102 6 173
69
1 204 102 6 173
68
1 204 102 6 173
68
1 204 102 6 173
68
1 204 102 6 173
68
1 209 102 6 173
72
1 204 102 6 173
68
1 202 102 6 173
67
1 203 102 6 173
68
1 200 102 6 173
66
1 201 102 6 173
66
1 195 102 6 173
62
1 193 102 6 173
61
1 197 102 6 173
64
1 198 102 6 173
64
1 197 102 6 173
64
1 207 102 6 173
70
1 207 102 6 173
70
1 206 102 6 173
70
1 206 102 6 173
70
1 207 102 6 173
70
1 206 102 6 173
70
1 207 102 6 173
70
1 206 102 6 173
70
1 208 102 6 173
71
1 209 102 6 173
72
1 201 102 6 173
66
1 200 102 6 173
66
1 201 102 6 173
66
1 198 102 6 173
64
1 203 102 6 173
68
1 211 102 6 173
73
1 208 102 6 173
71
1 203 102 6 173
68
1 200 102 6 173
66
1 200 102 6 173
66
1 208 102 6 173
71
1 204 102 6 173
68
1 209 102 6 173
72
1 215 102 6 173
76
1 212 102 6 173
74
1 206 102 6 173
70
1 213 102 6 173
75
1 208 102 6 173
71
1 211 102 6 173
73
1 208 102 6 173
71
1 198 102 6 173
64
1 199 102 6 173
65
1 203 102 6 173
68
1 200 102 6 173
66
1 200 102 6 173
66
1 195 102 6 173
62
1 200 102 6 173
66
1 202 102 6 173
67
1 198 102 6 173
64
1 201 102 6 173
66
1 198 102 6 173
64
1 199 102 6 173
65
1 195 102 6 173
62
1 195 102 6 173
62
1 197 102 6 173
64
1 197 102 6 173
64
1 203 102 6 173
68
1 199 102 6 173
65
1 197 102 6 173
64
1 191 102 6 173
60
1 204 102 6 173
68
1 210 102 6 173
72
1 210 102 6 173
72
1 210 102 6 173
72
1 210 102 6 173
72
1 206 102 6 173
70
1 212 102 6 173
74
1 215 102 6 173
76
1 208 102 6 173
71
1 209 102 6 173
72
1 203 102 6 173
68
1 203 102 6 173
68
1 204 102 6 173
68
1 236 102 6 173
90
1 245 102 6 173
96
1 246 102 6 173
97
1 237 102 6 173
91
1 226 102 6 173
83
1 212 102 6 173
74
1 208 102 6 173
71
1 207 102 6 173
70
1 210 102 6 173
72
1 209 102 6 173
72
1 204 102 6 173
68
1 202 102 6 173
67
1 208 102 6 173
71
1 204 102 6 173
68
1 202 102 6 173
67
1 207 102 6 173
70
1 206 102 6 173
70
1 201 102 6 173
66
1 202 102 6 173
67
1 204 102 6 173
68
1 206 102 6 173
70
1 203 102 6 173
68
1 203 102 6 173
68
1 201 102 6 173
66
1 199 102 6 173
65
1 199 102 6 173
65
1 199 102 6 173
65
1 203 102 6 173
68
1 206 102 6 173
70
1 212 102 6 173
74
1 205 102 6 173
69
1 206 102 6 173
70
1 206 102 6 173
70
1 203 102 6 173
68
1 207 102 6 173
70
1 203 102 6 173
68
1 205 102 6 173
69
1 217 102 6 173
77
1 216 102 6 173
77
1 214 102 6 173
75
1 210 102 6 173
72
1 211 102 6 173
73
1 205 102 6 173
69
1 204 102 6 173
68
1 205 102 6 173
69
1 204 102 6 173
68
1 206 102 6 173
70
1 227 102 6 173
84
1 215 102 6 173
76
1 214 102 6 173
75
1 211 102 6 173
73
1 202 102 6 173
67
1 200 102 6 173
66
1 205 102 6 173
69
1 207 102 6 173
70
1 210 102 6 173
72
1 203 102 6 173
68
1 202 102 6 173
67
1 196 102 6 173
63
1 196 102 6 173
63
1 198 102 6 173
64
1 196 102 6 173
63
1 201 102 6 173
66
1 204 102 6 173
68
1 204 102 6 173
68
1 205 102 6 173
69
1 197 102 6 173
64
1 211 102 6 173
73
1 210 102 6 173
72
1 209 102 6 173
72
1 208 102 6 173
71
1 204 102 6 173
68
1 204 102 6 173
68
1 212 102 6 173
74
1 214 102 6 173
75
1 215 102 6 173
76
1 208 102 6 173
71
1 192 102 6 173
60
1 191 102 6 173
60
1 192 102 6 173
60
1 190 102 6 173
59
1 196 102 6 173
63
1 196 102 6 173
63
1 195 102 6 173
62
1 204 102 6 173
68
1 207 102 6 173
70
1 202 102 6 173
67
1 201 102 6 173
66
1 205 102 6 173
69
1 210 102 6 173
72
1 204 102 6 173
68
1 204 102 6 173
68
1 204 102 6 173
68
1 204 102 6 173
68
1 210 102 6 173
72
1 210 102 6 173
72
1 210 102 6 173
72
1 199 102 6 173
65
1 195 102 6 173
62
1 198 102 6 173
64
1 195 102 6 173
62
1 198 102 6 173
64
1 210 102 6 173
72
1 209 102 6 173
72
1 206 102 6 173
70
1 206 102 6 173
70
1 203 102 6 173
68
1 200 102 6 173
66
1 198 102 6 173
64
1 200 102 6 173
66
1 201 102 6 173
66
1 206 102 6 173
70
1 216 102 6 173
77
1 220 102 6 173
79
1 219 102 6 173
79
1 214 102 6 173
75
1 212 102 6 173
74
1 204 102 6 173
68
1 205 102 6 173
69
1 204 102 6 173
68
1 207 102 6 173
70
1 213 102 6 173
75
1 217 102 6 173
77
1 212 102 6 173
74
1 219 102 6 173
79
1 213 102 6 173
75
1 208 102 6 173
71
1 196 102 6 173
63
1 196 102 6 173
63
1 191 102 6 173
60
1 195 102 6 173
62
1 199 102 6 173
65
1 196 102 6 173
63
1 195 102 6 173
62
1 194 102 6 173
62
1 196 102 6 173
63
1 198 102 6 173
64
1 204 102 6 173
68
1 203 102 6 173
68
1 202 102 6 173
67
1 205 102 6 173
69
1 207 102 6 173
70
1 210 102 6 173
72
1 208 102 6 173
71
1 207 102 6 173
70
1 210 102 6 173
72
1 204 102 6 173
68
1 202 102 6 173
67
1 196 102 6 173
63
1 202 102 6 173
67
1 204 102 6 173
68
1 199 102 6 173
65
1 201 102 6 173
66
1 198 102 6 173
64
1 194 102 6 173
62
1 195 102 6 173
62
1 202 102 6 173
67
1 203 102 6 173
68
1 211 102 6 173
73
1 213 102 6 173
75
1 211 102 6 173
73
1 202 102 6 173
67
1 201 102 6 173
66
1 200 102 6 173
66
1 199 102 6 173
65
1 196 102 6 173
63
1 197 102 6 173
64
1 209 102 6 173
72
1 210 102 6 173
72
1 209 102 6 173
72
1 212 102 6 173
74
1 210 102 6 173
72
1 212 102 6 173
74
1 204 102 6 173
68
1 207 102 6 173
70
1 204 102 6 173
68
1 201 102 6 173
66
1 216 102 6 173
77
1 225 102 6 173
83
1 221 102 6 173
80
1 223 102 6 173
81
1 221 102 6 173
80
1 217 102 6 173
77
1 212 102 6 173
74
1 209 102 6 173
72
1 209 102 6 173
72
1 207 102 6 173
70
1 208 102 6 173
71
1 205 102 6 173
69
1 203 102 6 173
68
1 204 102 6 173
68
1 211 102 6 173
73
1 210 102 6 173
72
1 212 102 6 173
74
1 213 102 6 173
75
1 211 102 6 173
73
1 205 102 6 173
69
1 202 102 6 173
67
1 204 102 6 173
68
1 204 102 6 173
68
1 201 102 6 173
66
1 205 102 6 173
69
1 204 102 6 173
68
1 202 102 6 173
67
1 200 102 6 173
66
1 204 102 6 173
68
1 202 102 6 173
67
1 193 102 6 173
61
1 194 102 6 173
62
1 193 102 6 173
61
1 193 102 6 173
61
1 193 102 6 173
61
1 189 102 6 173
58
1 195 102 6 173
62
1 194 102 6 173
62
1 196 102 6 173
63
1 198 102 6 173
64
1 212 102 6 173
74
1 210 102 6 173
72
1 208 102 6 173
71
1 209 102 6 173
72
1 203 102 6 173
68
1 198 102 6 173
64
1 202 102 6 173
67
1 198 102 6 173
64
1 202 102 6 173
67
1 203 102 6 173
68
1 199 102 6 173
65
1 195 102 6 173
62
1 196 102 6 173
63
1 194 102 6 173
62
1 197 102 6 173
64
1 199 102 6 173
65
1 199 102 6 173
65
1 197 102 6 173
64
1 197 102 6 173
64
1 193 102 6 173
61
1 201 102 6 173
66
1 196 102 6 173
63
1 198 102 6 173
64
1 203 102 6 173
68
1 202 102 6 173
67
1 201 102 6 173
66
1 202 102 6 173
67
1 204 102 6 173
68
1 209 102 6 173
72
1 207 102 6 173
70
1 206 102 6 173
70
1 202 102 6 173
67
1 199 102 6 173
65
1 202 102 6 173
67
1 205 102 6 173
69
1 202 102 6 173
67
1 206 102 6 173
70
1 205 102 6 173
69
1 206 102 6 173
70
1 200 102 6 173
66
1 205 102 6 173
69
1 206 102 6 173
70
1 206 102 6 173
70
1 208 102 6 173
71
1 210 102 6 173
72
1 215 102 6 173
76
1 216 102 6 173
77
1 216 102 6 173
77
1 209 102 6 173
72
1 215 102 6 173
76
1 212 102 6 173
74
1 208 102 6 173
71
1 205 102 6 173
69
1 203 102 6 173
68
1 208 102 6 173
71
1 205 102 6 173
69
1 209 102 6 173
72
1 206 102 6 173
70
1 203 102 6 173
68
1 201 102 6 173
66
1 212 102 6 173
74
1 207 102 6 173
70
1 208 102 6 173
71
1 208 102 6 173
71
1 208 102 6 173
71
1 207 102 6 173
70
1 210 102 6 173
72
1 213 102 6 173
75
1 212 102 6 173
74
1 208 102 6 173
71
1 208 102 6 173
71
1 214 102 6 173
75
1 214 102 6 173
75
1 209 102 6 173
72
1 207 102 6 173
70
1 206 102 6 173
70
1 203 102 6 173
68
1 207 102 6 173
70
1 198 102 6 173
64
1 199 102 6 173
65
1 203 102 6 173
68
1 203 102 6 173
68
1 203 102 6 173
68
1 199 102 6 173
65
1 199 102 6 173
65
1 203 102 6 173
68
1 203 102 6 173
68
1 204 102 6 173
68
1 203 102 6 173
68
1 204 102 6 173
68
1 208 102 6 173
71
1 202 102 6 173
67
1 203 102 6 173
68
1 204 102 6 173
68
1 208 102 6 173
71
1 204 102 6 173
68
1 206 102 6 173
70
1 203 102 6 173
68
1 202 102 6 173
67
1 205 102 6 173
69
1 209 102 6 173
72
1 207 102 6 173
70
1 206 102 6 173
70
1 208 102 6 173
71
1 205 102 6 173
69
1 196 102 6 173
63
1 199 102 6 173
65
1 208 102 6 173
71
1 209 102 6 173
72
1 203 102 6 173
68
1 202 102 6 173
67
1 197 102 6 173
64
1 196 102 6 173
63
1 197 102 6 173
64
1 196 102 6 173
63
1 200 102 6 173
66
1 197 102 6 173
64
1 198 102 6 173
64
1 201 102 6 173
66
1 193 102 6 173
61
1 201 102 6 173
66
1 204 102 6 173
68
1 200 102 6 173
66
1 227 102 6 173
84
1 235 102 6 173
89
1 234 102 6 173
89
1 226 102 6 173
83
1 224 102 6 173
82
1 218 102 6 173
78
1 210 102 6 173
72
1 203 102 6 173
68
1 216 102 6 173
77
1 224 102 6 173
82
1 220 102 6 173
79
1 219 102 6 173
79
1 215 102 6 173
76
1 213 102 6 173
75
1 219 102 6 173
79
1 217 102 6 173
77
1 214 102 6 173
75
1 211 102 6 173
73
1 210 102 6 173
72
1 208 102 6 173
71
1 207 102 6 173
70
1 209 102 6 173
72
1 212 102 6 173
74
1 208 102 6 173
71
1 207 102 6 173
70
1 198 102 6 173
64
1 199 102 6 173
65
1 205 102 6 173
69
1 202 102 6 173
67
1 206 102 6 173
70
1 203 102 6 173
68
1 210 102 6 173
72
1 210 102 6 173
72
1 208 102 6 173
71
1 201 102 6 173
66
1 202 102 6 173
67
1 203 102 6 173
68
1 209 102 6 173
72
1 208 102 6 173
71
1 208 102 6 173
71
1 208 102 6 173
71
1 212 102 6 173
74
1 212 102 6 173
74
1 208 102 6 173
71
1 209 102 6 173
72
1 209 102 6 173
72
1 206 102 6 173
70
1 202 102 6 173
67
1 210 102 6 173
72
1 202 102 6 173
67
1 209 102 6 173
72
1 218 102 6 173
78
1 214 102 6 173
75
1 202 102 6 173
67
1 201 102 6 173
66
1 203 102 6 173
68
1 204 102 6 173
68
1 204 102 6 173
68
1 206 102 6 173
70
1 209 102 6 173
72
1 209 102 6 173
72
1 204 102 6 173
68
1 211 102 6 173
73
1 217 102 6 173
77
1 216 102 6 173
77
1 207 102 6 173
70
1 207 102 6 173
70
1 204 102 6 173
68
1 199 102 6 173
65
1 207 102 6 173
70
1 206 102 6 173
70
1 203 102 6 173
68
1 200 102 6 173
66
1 202 102 6 173
67
1 201 102 6 173
66
1 199 102 6 173
65
1 195 102 6 173
62
