EcalTPG =================> Treating event  1, Number of EB digis 61200
195 199 193 197 195 195 199 196 204 203 
1 195 102 6 173
62
1 199 102 6 173
65
1 193 102 6 173
61
1 197 102 6 173
64
1 195 102 6 173
62
1 195 102 6 173
62
1 199 102 6 173
65
1 196 102 6 173
63
1 204 102 6 173
68
1 203 102 6 173
68
EcalTPG =================> Treating event  2, Number of EB digis 61200
195 193 199 196 198 200 200 191 200 200 
1 195 102 6 173
62
1 193 102 6 173
61
1 199 102 6 173
65
1 196 102 6 173
63
1 198 102 6 173
64
1 200 102 6 173
66
1 200 102 6 173
66
1 191 102 6 173
60
1 200 102 6 173
66
1 200 102 6 173
66
EcalTPG =================> Treating event  3, Number of EB digis 61200
204 201 204 207 204 210 211 212 210 210 
1 204 102 6 173
68
1 201 102 6 173
66
1 204 102 6 173
68
1 207 102 6 173
70
1 204 102 6 173
68
1 210 102 6 173
72
1 211 102 6 173
73
1 212 102 6 173
74
1 210 102 6 173
72
1 210 102 6 173
72
EcalTPG =================> Treating event  4, Number of EB digis 61200
201 204 203 199 201 206 201 204 205 203 
1 201 102 6 173
66
1 204 102 6 173
68
1 203 102 6 173
68
1 199 102 6 173
65
1 201 102 6 173
66
1 206 102 6 173
70
1 201 102 6 173
66
1 204 102 6 173
68
1 205 102 6 173
69
1 203 102 6 173
68
EcalTPG =================> Treating event  5, Number of EB digis 61200
207 207 212 209 206 210 210 211 208 209 
1 207 102 6 173
70
1 207 102 6 173
70
1 212 102 6 173
74
1 209 102 6 173
72
1 206 102 6 173
70
1 210 102 6 173
72
1 210 102 6 173
72
1 211 102 6 173
73
1 208 102 6 173
71
1 209 102 6 173
72
EcalTPG =================> Treating event  6, Number of EB digis 61200
208 211 212 211 215 208 210 211 208 208 
1 208 102 6 173
71
1 211 102 6 173
73
1 212 102 6 173
74
1 211 102 6 173
73
1 215 102 6 173
76
1 208 102 6 173
71
1 210 102 6 173
72
1 211 102 6 173
73
1 208 102 6 173
71
1 208 102 6 173
71
EcalTPG =================> Treating event  7, Number of EB digis 61200
203 205 207 219 216 222 216 215 209 205 
1 203 102 6 173
68
1 205 102 6 173
69
1 207 102 6 173
70
1 219 102 6 173
79
1 216 102 6 173
77
1 222 102 6 173
81
1 216 102 6 173
77
1 215 102 6 173
76
1 209 102 6 173
72
1 205 102 6 173
69
EcalTPG =================> Treating event  8, Number of EB digis 61200
201 201 203 209 211 209 207 205 203 202 
1 201 102 6 173
66
1 201 102 6 173
66
1 203 102 6 173
68
1 209 102 6 173
72
1 211 102 6 173
73
1 209 102 6 173
72
1 207 102 6 173
70
1 205 102 6 173
69
1 203 102 6 173
68
1 202 102 6 173
67
EcalTPG =================> Treating event  9, Number of EB digis 61200
216 218 215 213 214 220 253 259 253 247 
1 216 102 6 173
77
1 218 102 6 173
78
1 215 102 6 173
76
1 213 102 6 173
75
1 214 102 6 173
75
1 220 102 6 173
79
1 253 102 6 173
102
1 259 102 6 173
106
1 253 102 6 173
102
1 247 102 6 173
97
EcalTPG =================> Treating event  10, Number of EB digis 61200
202 206 202 199 205 200 194 198 197 200 
1 202 102 6 173
67
1 206 102 6 173
70
1 202 102 6 173
67
1 199 102 6 173
65
1 205 102 6 173
69
1 200 102 6 173
66
1 194 102 6 173
62
1 198 102 6 173
64
1 197 102 6 173
64
1 200 102 6 173
66
EcalTPG =================> Treating event  11, Number of EB digis 61200
201 199 195 189 192 195 199 200 201 202 
1 201 102 6 173
66
1 199 102 6 173
65
1 195 102 6 173
62
1 189 102 6 173
58
1 192 102 6 173
60
1 195 102 6 173
62
1 199 102 6 173
65
1 200 102 6 173
66
1 201 102 6 173
66
1 202 102 6 173
67
EcalTPG =================> Treating event  12, Number of EB digis 61200
200 197 206 211 208 210 212 211 205 204 
1 200 102 6 173
66
1 197 102 6 173
64
1 206 102 6 173
70
1 211 102 6 173
73
1 208 102 6 173
71
1 210 102 6 173
72
1 212 102 6 173
74
1 211 102 6 173
73
1 205 102 6 173
69
1 204 102 6 173
68
EcalTPG =================> Treating event  13, Number of EB digis 61200
212 215 210 207 209 211 207 209 205 210 
1 212 102 6 173
74
1 215 102 6 173
76
1 210 102 6 173
72
1 207 102 6 173
70
1 209 102 6 173
72
1 211 102 6 173
73
1 207 102 6 173
70
1 209 102 6 173
72
1 205 102 6 173
69
1 210 102 6 173
72
EcalTPG =================> Treating event  14, Number of EB digis 61200
201 207 203 198 204 210 207 205 207 208 
1 201 102 6 173
66
1 207 102 6 173
70
1 203 102 6 173
68
1 198 102 6 173
64
1 204 102 6 173
68
1 210 102 6 173
72
1 207 102 6 173
70
1 205 102 6 173
69
1 207 102 6 173
70
1 208 102 6 173
71
EcalTPG =================> Treating event  15, Number of EB digis 61200
207 210 208 210 214 216 214 212 209 212 
1 207 102 6 173
70
1 210 102 6 173
72
1 208 102 6 173
71
1 210 102 6 173
72
1 214 102 6 173
75
1 216 102 6 173
77
1 214 102 6 173
75
1 212 102 6 173
74
1 209 102 6 173
72
1 212 102 6 173
74
EcalTPG =================> Treating event  16, Number of EB digis 61200
207 208 214 208 212 208 205 207 207 204 
1 207 102 6 173
70
1 208 102 6 173
71
1 214 102 6 173
75
1 208 102 6 173
71
1 212 102 6 173
74
1 208 102 6 173
71
1 205 102 6 173
69
1 207 102 6 173
70
1 207 102 6 173
70
1 204 102 6 173
68
EcalTPG =================> Treating event  17, Number of EB digis 61200
203 201 201 201 199 196 210 212 219 215 
1 203 102 6 173
68
1 201 102 6 173
66
1 201 102 6 173
66
1 201 102 6 173
66
1 199 102 6 173
65
1 196 102 6 173
63
1 210 102 6 173
72
1 212 102 6 173
74
1 219 102 6 173
79
1 215 102 6 173
76
EcalTPG =================> Treating event  18, Number of EB digis 61200
198 203 271 296 281 262 242 230 225 217 
1 198 102 6 173
64
1 203 102 6 173
68
1 271 102 6 173
114
1 296 102 6 173
131
1 281 102 6 173
120
1 262 102 6 173
108
1 242 102 6 173
94
1 230 102 6 173
86
1 225 102 6 173
83
1 217 102 6 173
77
EcalTPG =================> Treating event  19, Number of EB digis 61200
197 198 201 197 196 195 199 202 199 202 
1 197 102 6 173
64
1 198 102 6 173
64
1 201 102 6 173
66
1 197 102 6 173
64
1 196 102 6 173
63
1 195 102 6 173
62
1 199 102 6 173
65
1 202 102 6 173
67
1 199 102 6 173
65
1 202 102 6 173
67
EcalTPG =================> Treating event  20, Number of EB digis 61200
208 208 206 212 207 208 211 217 209 206 
1 208 102 6 173
71
1 208 102 6 173
71
1 206 102 6 173
70
1 212 102 6 173
74
1 207 102 6 173
70
1 208 102 6 173
71
1 211 102 6 173
73
1 217 102 6 173
77
1 209 102 6 173
72
1 206 102 6 173
70
EcalTPG =================> Treating event  21, Number of EB digis 61200
207 205 203 201 200 200 198 203 209 210 
1 207 102 6 173
70
1 205 102 6 173
69
1 203 102 6 173
68
1 201 102 6 173
66
1 200 102 6 173
66
1 200 102 6 173
66
1 198 102 6 173
64
1 203 102 6 173
68
1 209 102 6 173
72
1 210 102 6 173
72
EcalTPG =================> Treating event  22, Number of EB digis 61200
211 211 203 207 200 200 201 205 203 200 
1 211 102 6 173
73
1 211 102 6 173
73
1 203 102 6 173
68
1 207 102 6 173
70
1 200 102 6 173
66
1 200 102 6 173
66
1 201 102 6 173
66
1 205 102 6 173
69
1 203 102 6 173
68
1 200 102 6 173
66
EcalTPG =================> Treating event  23, Number of EB digis 61200
204 199 198 193 200 197 205 211 214 209 
1 204 102 6 173
68
1 199 102 6 173
65
1 198 102 6 173
64
1 193 102 6 173
61
1 200 102 6 173
66
1 197 102 6 173
64
1 205 102 6 173
69
1 211 102 6 173
73
1 214 102 6 173
75
1 209 102 6 173
72
EcalTPG =================> Treating event  24, Number of EB digis 61200
212 208 207 210 203 204 205 202 207 202 
1 212 102 6 173
74
1 208 102 6 173
71
1 207 102 6 173
70
1 210 102 6 173
72
1 203 102 6 173
68
1 204 102 6 173
68
1 205 102 6 173
69
1 202 102 6 173
67
1 207 102 6 173
70
1 202 102 6 173
67
EcalTPG =================> Treating event  25, Number of EB digis 61200
222 227 224 221 212 209 209 203 205 198 
1 222 102 6 173
81
1 227 102 6 173
84
1 224 102 6 173
82
1 221 102 6 173
80
1 212 102 6 173
74
1 209 102 6 173
72
1 209 102 6 173
72
1 203 102 6 173
68
1 205 102 6 173
69
1 198 102 6 173
64
EcalTPG =================> Treating event  26, Number of EB digis 61200
221 223 217 216 212 209 213 210 206 209 
1 221 102 6 173
80
1 223 102 6 173
81
1 217 102 6 173
77
1 216 102 6 173
77
1 212 102 6 173
74
1 209 102 6 173
72
1 213 102 6 173
75
1 210 102 6 173
72
1 206 102 6 173
70
1 209 102 6 173
72
EcalTPG =================> Treating event  27, Number of EB digis 61200
192 196 194 195 201 202 199 200 196 201 
1 192 102 6 173
60
1 196 102 6 173
63
1 194 102 6 173
62
1 195 102 6 173
62
1 201 102 6 173
66
1 202 102 6 173
67
1 199 102 6 173
65
1 200 102 6 173
66
1 196 102 6 173
63
1 201 102 6 173
66
EcalTPG =================> Treating event  28, Number of EB digis 61200
209 207 205 209 200 205 205 203 202 203 
1 209 102 6 173
72
1 207 102 6 173
70
1 205 102 6 173
69
1 209 102 6 173
72
1 200 102 6 173
66
1 205 102 6 173
69
1 205 102 6 173
69
1 203 102 6 173
68
1 202 102 6 173
67
1 203 102 6 173
68
EcalTPG =================> Treating event  29, Number of EB digis 61200
201 205 202 199 199 200 205 206 205 200 
1 201 102 6 173
66
1 205 102 6 173
69
1 202 102 6 173
67
1 199 102 6 173
65
1 199 102 6 173
65
1 200 102 6 173
66
1 205 102 6 173
69
1 206 102 6 173
70
1 205 102 6 173
69
1 200 102 6 173
66
EcalTPG =================> Treating event  30, Number of EB digis 61200
198 200 200 202 200 201 197 201 201 204 
1 198 102 6 173
64
1 200 102 6 173
66
1 200 102 6 173
66
1 202 102 6 173
67
1 200 102 6 173
66
1 201 102 6 173
66
1 197 102 6 173
64
1 201 102 6 173
66
1 201 102 6 173
66
1 204 102 6 173
68
EcalTPG =================> Treating event  31, Number of EB digis 61200
205 199 205 207 202 202 201 205 205 203 
1 205 102 6 173
69
1 199 102 6 173
65
1 205 102 6 173
69
1 207 102 6 173
70
1 202 102 6 173
67
1 202 102 6 173
67
1 201 102 6 173
66
1 205 102 6 173
69
1 205 102 6 173
69
1 203 102 6 173
68
EcalTPG =================> Treating event  32, Number of EB digis 61200
205 200 198 203 204 201 197 198 192 192 
1 205 102 6 173
69
1 200 102 6 173
66
1 198 102 6 173
64
1 203 102 6 173
68
1 204 102 6 173
68
1 201 102 6 173
66
1 197 102 6 173
64
1 198 102 6 173
64
1 192 102 6 173
60
1 192 102 6 173
60
EcalTPG =================> Treating event  33, Number of EB digis 61200
223 216 212 204 202 202 206 207 201 200 
1 223 102 6 173
81
1 216 102 6 173
77
1 212 102 6 173
74
1 204 102 6 173
68
1 202 102 6 173
67
1 202 102 6 173
67
1 206 102 6 173
70
1 207 102 6 173
70
1 201 102 6 173
66
1 200 102 6 173
66
EcalTPG =================> Treating event  34, Number of EB digis 61200
209 206 208 205 204 204 206 206 209 202 
1 209 102 6 173
72
1 206 102 6 173
70
1 208 102 6 173
71
1 205 102 6 173
69
1 204 102 6 173
68
1 204 102 6 173
68
1 206 102 6 173
70
1 206 102 6 173
70
1 209 102 6 173
72
1 202 102 6 173
67
EcalTPG =================> Treating event  35, Number of EB digis 61200
211 211 212 213 215 212 209 210 204 202 
1 211 102 6 173
73
1 211 102 6 173
73
1 212 102 6 173
74
1 213 102 6 173
75
1 215 102 6 173
76
1 212 102 6 173
74
1 209 102 6 173
72
1 210 102 6 173
72
1 204 102 6 173
68
1 202 102 6 173
67
EcalTPG =================> Treating event  36, Number of EB digis 61200
203 202 201 202 204 205 206 209 213 212 
1 203 102 6 173
68
1 202 102 6 173
67
1 201 102 6 173
66
1 202 102 6 173
67
1 204 102 6 173
68
1 205 102 6 173
69
1 206 102 6 173
70
1 209 102 6 173
72
1 213 102 6 173
75
1 212 102 6 173
74
EcalTPG =================> Treating event  37, Number of EB digis 61200
204 205 203 197 197 202 198 201 207 203 
1 204 102 6 173
68
1 205 102 6 173
69
1 203 102 6 173
68
1 197 102 6 173
64
1 197 102 6 173
64
1 202 102 6 173
67
1 198 102 6 173
64
1 201 102 6 173
66
1 207 102 6 173
70
1 203 102 6 173
68
EcalTPG =================> Treating event  38, Number of EB digis 61200
232 232 221 223 227 236 228 223 215 213 
1 232 102 6 173
87
1 232 102 6 173
87
1 221 102 6 173
80
1 223 102 6 173
81
1 227 102 6 173
84
1 236 102 6 173
90
1 228 102 6 173
85
1 223 102 6 173
81
1 215 102 6 173
76
1 213 102 6 173
75
EcalTPG =================> Treating event  39, Number of EB digis 61200
201 205 202 205 206 207 210 210 204 202 
1 201 102 6 173
66
1 205 102 6 173
69
1 202 102 6 173
67
1 205 102 6 173
69
1 206 102 6 173
70
1 207 102 6 173
70
1 210 102 6 173
72
1 210 102 6 173
72
1 204 102 6 173
68
1 202 102 6 173
67
EcalTPG =================> Treating event  40, Number of EB digis 61200
201 202 200 204 204 202 205 201 203 207 
1 201 102 6 173
66
1 202 102 6 173
67
1 200 102 6 173
66
1 204 102 6 173
68
1 204 102 6 173
68
1 202 102 6 173
67
1 205 102 6 173
69
1 201 102 6 173
66
1 203 102 6 173
68
1 207 102 6 173
70
EcalTPG =================> Treating event  41, Number of EB digis 61200
199 195 199 195 197 198 197 194 200 203 
1 199 102 6 173
65
1 195 102 6 173
62
1 199 102 6 173
65
1 195 102 6 173
62
1 197 102 6 173
64
1 198 102 6 173
64
1 197 102 6 173
64
1 194 102 6 173
62
1 200 102 6 173
66
1 203 102 6 173
68
EcalTPG =================> Treating event  42, Number of EB digis 61200
200 201 202 200 201 197 198 199 202 201 
1 200 102 6 173
66
1 201 102 6 173
66
1 202 102 6 173
67
1 200 102 6 173
66
1 201 102 6 173
66
1 197 102 6 173
64
1 198 102 6 173
64
1 199 102 6 173
65
1 202 102 6 173
67
1 201 102 6 173
66
EcalTPG =================> Treating event  43, Number of EB digis 61200
201 205 209 211 209 209 208 206 205 205 
1 201 102 6 173
66
1 205 102 6 173
69
1 209 102 6 173
72
1 211 102 6 173
73
1 209 102 6 173
72
1 209 102 6 173
72
1 208 102 6 173
71
1 206 102 6 173
70
1 205 102 6 173
69
1 205 102 6 173
69
EcalTPG =================> Treating event  44, Number of EB digis 61200
207 208 210 206 207 210 214 205 205 202 
1 207 102 6 173
70
1 208 102 6 173
71
1 210 102 6 173
72
1 206 102 6 173
70
1 207 102 6 173
70
1 210 102 6 173
72
1 214 102 6 173
75
1 205 102 6 173
69
1 205 102 6 173
69
1 202 102 6 173
67
EcalTPG =================> Treating event  45, Number of EB digis 61200
211 215 212 208 212 210 212 209 208 206 
1 211 102 6 173
73
1 215 102 6 173
76
1 212 102 6 173
74
1 208 102 6 173
71
1 212 102 6 173
74
1 210 102 6 173
72
1 212 102 6 173
74
1 209 102 6 173
72
1 208 102 6 173
71
1 206 102 6 173
70
EcalTPG =================> Treating event  46, Number of EB digis 61200
204 203 200 206 202 198 202 197 200 198 
1 204 102 6 173
68
1 203 102 6 173
68
1 200 102 6 173
66
1 206 102 6 173
70
1 202 102 6 173
67
1 198 102 6 173
64
1 202 102 6 173
67
1 197 102 6 173
64
1 200 102 6 173
66
1 198 102 6 173
64
EcalTPG =================> Treating event  47, Number of EB digis 61200
208 202 206 206 208 209 211 213 213 214 
1 208 102 6 173
71
1 202 102 6 173
67
1 206 102 6 173
70
1 206 102 6 173
70
1 208 102 6 173
71
1 209 102 6 173
72
1 211 102 6 173
73
1 213 102 6 173
75
1 213 102 6 173
75
1 214 102 6 173
75
EcalTPG =================> Treating event  48, Number of EB digis 61200
206 201 205 201 205 208 202 205 208 209 
1 206 102 6 173
70
1 201 102 6 173
66
1 205 102 6 173
69
1 201 102 6 173
66
1 205 102 6 173
69
1 208 102 6 173
71
1 202 102 6 173
67
1 205 102 6 173
69
1 208 102 6 173
71
1 209 102 6 173
72
EcalTPG =================> Treating event  49, Number of EB digis 61200
204 200 201 196 201 205 204 202 209 199 
1 204 102 6 173
68
1 200 102 6 173
66
1 201 102 6 173
66
1 196 102 6 173
63
1 201 102 6 173
66
1 205 102 6 173
69
1 204 102 6 173
68
1 202 102 6 173
67
1 209 102 6 173
72
1 199 102 6 173
65
EcalTPG =================> Treating event  50, Number of EB digis 61200
209 200 203 202 207 215 216 206 206 198 
1 209 102 6 173
72
1 200 102 6 173
66
1 203 102 6 173
68
1 202 102 6 173
67
1 207 102 6 173
70
1 215 102 6 173
76
1 216 102 6 173
77
1 206 102 6 173
70
1 206 102 6 173
70
1 198 102 6 173
64
EcalTPG =================> Treating event  51, Number of EB digis 61200
203 208 206 202 205 204 204 204 204 209 
1 203 102 6 173
68
1 208 102 6 173
71
1 206 102 6 173
70
1 202 102 6 173
67
1 205 102 6 173
69
1 204 102 6 173
68
1 204 102 6 173
68
1 204 102 6 173
68
1 204 102 6 173
68
1 209 102 6 173
72
EcalTPG =================> Treating event  52, Number of EB digis 61200
204 202 203 200 201 195 193 197 198 197 
1 204 102 6 173
68
1 202 102 6 173
67
1 203 102 6 173
68
1 200 102 6 173
66
1 201 102 6 173
66
1 195 102 6 173
62
1 193 102 6 173
61
1 197 102 6 173
64
1 198 102 6 173
64
1 197 102 6 173
64
EcalTPG =================> Treating event  53, Number of EB digis 61200
207 207 206 206 207 206 207 206 208 209 
1 207 102 6 173
70
1 207 102 6 173
70
1 206 102 6 173
70
1 206 102 6 173
70
1 207 102 6 173
70
1 206 102 6 173
70
1 207 102 6 173
70
1 206 102 6 173
70
1 208 102 6 173
71
1 209 102 6 173
72
EcalTPG =================> Treating event  54, Number of EB digis 61200
201 200 201 198 203 211 208 203 200 200 
1 201 102 6 173
66
1 200 102 6 173
66
1 201 102 6 173
66
1 198 102 6 173
64
1 203 102 6 173
68
1 211 102 6 173
73
1 208 102 6 173
71
1 203 102 6 173
68
1 200 102 6 173
66
1 200 102 6 173
66
EcalTPG =================> Treating event  55, Number of EB digis 61200
208 204 209 215 212 206 213 208 211 208 
1 208 102 6 173
71
1 204 102 6 173
68
1 209 102 6 173
72
1 215 102 6 173
76
1 212 102 6 173
74
1 206 102 6 173
70
1 213 102 6 173
75
1 208 102 6 173
71
1 211 102 6 173
73
1 208 102 6 173
71
EcalTPG =================> Treating event  56, Number of EB digis 61200
198 199 203 200 200 195 200 202 198 201 
1 198 102 6 173
64
1 199 102 6 173
65
1 203 102 6 173
68
1 200 102 6 173
66
1 200 102 6 173
66
1 195 102 6 173
62
1 200 102 6 173
66
1 202 102 6 173
67
1 198 102 6 173
64
1 201 102 6 173
66
EcalTPG =================> Treating event  57, Number of EB digis 61200
198 199 195 195 197 197 203 199 197 191 
1 198 102 6 173
64
1 199 102 6 173
65
1 195 102 6 173
62
1 195 102 6 173
62
1 197 102 6 173
64
1 197 102 6 173
64
1 203 102 6 173
68
1 199 102 6 173
65
1 197 102 6 173
64
1 191 102 6 173
60
EcalTPG =================> Treating event  58, Number of EB digis 61200
204 210 210 210 210 206 212 215 208 209 
1 204 102 6 173
68
1 210 102 6 173
72
1 210 102 6 173
72
1 210 102 6 173
72
1 210 102 6 173
72
1 206 102 6 173
70
1 212 102 6 173
74
1 215 102 6 173
76
1 208 102 6 173
71
1 209 102 6 173
72
EcalTPG =================> Treating event  59, Number of EB digis 61200
203 203 204 236 245 246 237 226 212 208 
1 203 102 6 173
68
1 203 102 6 173
68
1 204 102 6 173
68
1 236 102 6 173
90
1 245 102 6 173
96
1 246 102 6 173
97
1 237 102 6 173
91
1 226 102 6 173
83
1 212 102 6 173
74
1 208 102 6 173
71
EcalTPG =================> Treating event  60, Number of EB digis 61200
207 210 209 204 202 208 204 202 207 206 
1 207 102 6 173
70
1 210 102 6 173
72
1 209 102 6 173
72
1 204 102 6 173
68
1 202 102 6 173
67
1 208 102 6 173
71
1 204 102 6 173
68
1 202 102 6 173
67
1 207 102 6 173
70
1 206 102 6 173
70
EcalTPG =================> Treating event  61, Number of EB digis 61200
201 202 204 206 203 203 201 199 199 199 
1 201 102 6 173
66
1 202 102 6 173
67
1 204 102 6 173
68
1 206 102 6 173
70
1 203 102 6 173
68
1 203 102 6 173
68
1 201 102 6 173
66
1 199 102 6 173
65
1 199 102 6 173
65
1 199 102 6 173
65
EcalTPG =================> Treating event  62, Number of EB digis 61200
203 206 212 205 206 206 203 207 203 205 
1 203 102 6 173
68
1 206 102 6 173
70
1 212 102 6 173
74
1 205 102 6 173
69
1 206 102 6 173
70
1 206 102 6 173
70
1 203 102 6 173
68
1 207 102 6 173
70
1 203 102 6 173
68
1 205 102 6 173
69
EcalTPG =================> Treating event  63, Number of EB digis 61200
217 216 214 210 211 205 204 205 204 206 
1 217 102 6 173
77
1 216 102 6 173
77
1 214 102 6 173
75
1 210 102 6 173
72
1 211 102 6 173
73
1 205 102 6 173
69
1 204 102 6 173
68
1 205 102 6 173
69
1 204 102 6 173
68
1 206 102 6 173
70
EcalTPG =================> Treating event  64, Number of EB digis 61200
227 215 214 211 202 200 205 207 210 203 
1 227 102 6 173
84
1 215 102 6 173
76
1 214 102 6 173
75
1 211 102 6 173
73
1 202 102 6 173
67
1 200 102 6 173
66
1 205 102 6 173
69
1 207 102 6 173
70
1 210 102 6 173
72
1 203 102 6 173
68
EcalTPG =================> Treating event  65, Number of EB digis 61200
202 196 196 198 196 201 204 204 205 197 
1 202 102 6 173
67
1 196 102 6 173
63
1 196 102 6 173
63
1 198 102 6 173
64
1 196 102 6 173
63
1 201 102 6 173
66
1 204 102 6 173
68
1 204 102 6 173
68
1 205 102 6 173
69
1 197 102 6 173
64
EcalTPG =================> Treating event  66, Number of EB digis 61200
211 210 209 208 204 204 212 214 215 208 
1 211 102 6 173
73
1 210 102 6 173
72
1 209 102 6 173
72
1 208 102 6 173
71
1 204 102 6 173
68
1 204 102 6 173
68
1 212 102 6 173
74
1 214 102 6 173
75
1 215 102 6 173
76
1 208 102 6 173
71
EcalTPG =================> Treating event  67, Number of EB digis 61200
192 191 192 190 196 196 195 204 207 202 
1 192 102 6 173
60
1 191 102 6 173
60
1 192 102 6 173
60
1 190 102 6 173
59
1 196 102 6 173
63
1 196 102 6 173
63
1 195 102 6 173
62
1 204 102 6 173
68
1 207 102 6 173
70
1 202 102 6 173
67
EcalTPG =================> Treating event  68, Number of EB digis 61200
201 205 210 204 204 204 204 210 210 210 
1 201 102 6 173
66
1 205 102 6 173
69
1 210 102 6 173
72
1 204 102 6 173
68
1 204 102 6 173
68
1 204 102 6 173
68
1 204 102 6 173
68
1 210 102 6 173
72
1 210 102 6 173
72
1 210 102 6 173
72
EcalTPG =================> Treating event  69, Number of EB digis 61200
199 195 198 195 198 210 209 206 206 203 
1 199 102 6 173
65
1 195 102 6 173
62
1 198 102 6 173
64
1 195 102 6 173
62
1 198 102 6 173
64
1 210 102 6 173
72
1 209 102 6 173
72
1 206 102 6 173
70
1 206 102 6 173
70
1 203 102 6 173
68
EcalTPG =================> Treating event  70, Number of EB digis 61200
200 198 200 201 206 216 220 219 214 212 
1 200 102 6 173
66
1 198 102 6 173
64
1 200 102 6 173
66
1 201 102 6 173
66
1 206 102 6 173
70
1 216 102 6 173
77
1 220 102 6 173
79
1 219 102 6 173
79
1 214 102 6 173
75
1 212 102 6 173
74
EcalTPG =================> Treating event  71, Number of EB digis 61200
204 205 204 207 213 217 212 219 213 208 
1 204 102 6 173
68
1 205 102 6 173
69
1 204 102 6 173
68
1 207 102 6 173
70
1 213 102 6 173
75
1 217 102 6 173
77
1 212 102 6 173
74
1 219 102 6 173
79
1 213 102 6 173
75
1 208 102 6 173
71
EcalTPG =================> Treating event  72, Number of EB digis 61200
196 196 191 195 199 196 195 194 196 198 
1 196 102 6 173
63
1 196 102 6 173
63
1 191 102 6 173
60
1 195 102 6 173
62
1 199 102 6 173
65
1 196 102 6 173
63
1 195 102 6 173
62
1 194 102 6 173
62
1 196 102 6 173
63
1 198 102 6 173
64
EcalTPG =================> Treating event  73, Number of EB digis 61200
204 203 202 205 207 210 208 207 210 204 
1 204 102 6 173
68
1 203 102 6 173
68
1 202 102 6 173
67
1 205 102 6 173
69
1 207 102 6 173
70
1 210 102 6 173
72
1 208 102 6 173
71
1 207 102 6 173
70
1 210 102 6 173
72
1 204 102 6 173
68
EcalTPG =================> Treating event  74, Number of EB digis 61200
202 196 202 204 199 201 198 194 195 202 
1 202 102 6 173
67
1 196 102 6 173
63
1 202 102 6 173
67
1 204 102 6 173
68
1 199 102 6 173
65
1 201 102 6 173
66
1 198 102 6 173
64
1 194 102 6 173
62
1 195 102 6 173
62
1 202 102 6 173
67
EcalTPG =================> Treating event  75, Number of EB digis 61200
203 211 213 211 202 201 200 199 196 197 
1 203 102 6 173
68
1 211 102 6 173
73
1 213 102 6 173
75
1 211 102 6 173
73
1 202 102 6 173
67
1 201 102 6 173
66
1 200 102 6 173
66
1 199 102 6 173
65
1 196 102 6 173
63
1 197 102 6 173
64
EcalTPG =================> Treating event  76, Number of EB digis 61200
209 210 209 212 210 212 204 207 204 201 
1 209 102 6 173
72
1 210 102 6 173
72
1 209 102 6 173
72
1 212 102 6 173
74
1 210 102 6 173
72
1 212 102 6 173
74
1 204 102 6 173
68
1 207 102 6 173
70
1 204 102 6 173
68
1 201 102 6 173
66
EcalTPG =================> Treating event  77, Number of EB digis 61200
216 225 221 223 221 217 212 209 209 207 
1 216 102 6 173
77
1 225 102 6 173
83
1 221 102 6 173
80
1 223 102 6 173
81
1 221 102 6 173
80
1 217 102 6 173
77
1 212 102 6 173
74
1 209 102 6 173
72
1 209 102 6 173
72
1 207 102 6 173
70
EcalTPG =================> Treating event  78, Number of EB digis 61200
208 205 203 204 211 210 212 213 211 205 
1 208 102 6 173
71
1 205 102 6 173
69
1 203 102 6 173
68
1 204 102 6 173
68
1 211 102 6 173
73
1 210 102 6 173
72
1 212 102 6 173
74
1 213 102 6 173
75
1 211 102 6 173
73
1 205 102 6 173
69
EcalTPG =================> Treating event  79, Number of EB digis 61200
202 204 204 201 205 204 202 200 204 202 
1 202 102 6 173
67
1 204 102 6 173
68
1 204 102 6 173
68
1 201 102 6 173
66
1 205 102 6 173
69
1 204 102 6 173
68
1 202 102 6 173
67
1 200 102 6 173
66
1 204 102 6 173
68
1 202 102 6 173
67
EcalTPG =================> Treating event  80, Number of EB digis 61200
193 194 193 193 193 189 195 194 196 198 
1 193 102 6 173
61
1 194 102 6 173
62
1 193 102 6 173
61
1 193 102 6 173
61
1 193 102 6 173
61
1 189 102 6 173
58
1 195 102 6 173
62
1 194 102 6 173
62
1 196 102 6 173
63
1 198 102 6 173
64
EcalTPG =================> Treating event  81, Number of EB digis 61200
212 210 208 209 203 198 202 198 202 203 
1 212 102 6 173
74
1 210 102 6 173
72
1 208 102 6 173
71
1 209 102 6 173
72
1 203 102 6 173
68
1 198 102 6 173
64
1 202 102 6 173
67
1 198 102 6 173
64
1 202 102 6 173
67
1 203 102 6 173
68
EcalTPG =================> Treating event  82, Number of EB digis 61200
199 195 196 194 197 199 199 197 197 193 
1 199 102 6 173
65
1 195 102 6 173
62
1 196 102 6 173
63
1 194 102 6 173
62
1 197 102 6 173
64
1 199 102 6 173
65
1 199 102 6 173
65
1 197 102 6 173
64
1 197 102 6 173
64
1 193 102 6 173
61
EcalTPG =================> Treating event  83, Number of EB digis 61200
201 196 198 203 202 201 202 204 209 207 
1 201 102 6 173
66
1 196 102 6 173
63
1 198 102 6 173
64
1 203 102 6 173
68
1 202 102 6 173
67
1 201 102 6 173
66
1 202 102 6 173
67
1 204 102 6 173
68
1 209 102 6 173
72
1 207 102 6 173
70
EcalTPG =================> Treating event  84, Number of EB digis 61200
206 202 199 202 205 202 206 205 206 200 
1 206 102 6 173
70
1 202 102 6 173
67
1 199 102 6 173
65
1 202 102 6 173
67
1 205 102 6 173
69
1 202 102 6 173
67
1 206 102 6 173
70
1 205 102 6 173
69
1 206 102 6 173
70
1 200 102 6 173
66
EcalTPG =================> Treating event  85, Number of EB digis 61200
205 206 206 208 210 215 216 216 209 215 
1 205 102 6 173
69
1 206 102 6 173
70
1 206 102 6 173
70
1 208 102 6 173
71
1 210 102 6 173
72
1 215 102 6 173
76
1 216 102 6 173
77
1 216 102 6 173
77
1 209 102 6 173
72
1 215 102 6 173
76
EcalTPG =================> Treating event  86, Number of EB digis 61200
212 208 205 203 208 205 209 206 203 201 
1 212 102 6 173
74
1 208 102 6 173
71
1 205 102 6 173
69
1 203 102 6 173
68
1 208 102 6 173
71
1 205 102 6 173
69
1 209 102 6 173
72
1 206 102 6 173
70
1 203 102 6 173
68
1 201 102 6 173
66
EcalTPG =================> Treating event  87, Number of EB digis 61200
212 207 208 208 208 207 210 213 212 208 
1 212 102 6 173
74
1 207 102 6 173
70
1 208 102 6 173
71
1 208 102 6 173
71
1 208 102 6 173
71
1 207 102 6 173
70
1 210 102 6 173
72
1 213 102 6 173
75
1 212 102 6 173
74
1 208 102 6 173
71
EcalTPG =================> Treating event  88, Number of EB digis 61200
208 214 214 209 207 206 203 207 198 199 
1 208 102 6 173
71
1 214 102 6 173
75
1 214 102 6 173
75
1 209 102 6 173
72
1 207 102 6 173
70
1 206 102 6 173
70
1 203 102 6 173
68
1 207 102 6 173
70
1 198 102 6 173
64
1 199 102 6 173
65
EcalTPG =================> Treating event  89, Number of EB digis 61200
203 203 203 199 199 203 203 204 203 204 
1 203 102 6 173
68
1 203 102 6 173
68
1 203 102 6 173
68
1 199 102 6 173
65
1 199 102 6 173
65
1 203 102 6 173
68
1 203 102 6 173
68
1 204 102 6 173
68
1 203 102 6 173
68
1 204 102 6 173
68
EcalTPG =================> Treating event  90, Number of EB digis 61200
208 202 203 204 208 204 206 203 202 205 
1 208 102 6 173
71
1 202 102 6 173
67
1 203 102 6 173
68
1 204 102 6 173
68
1 208 102 6 173
71
1 204 102 6 173
68
1 206 102 6 173
70
1 203 102 6 173
68
1 202 102 6 173
67
1 205 102 6 173
69
EcalTPG =================> Treating event  91, Number of EB digis 61200
209 207 206 208 205 196 199 208 209 203 
1 209 102 6 173
72
1 207 102 6 173
70
1 206 102 6 173
70
1 208 102 6 173
71
1 205 102 6 173
69
1 196 102 6 173
63
1 199 102 6 173
65
1 208 102 6 173
71
1 209 102 6 173
72
1 203 102 6 173
68
EcalTPG =================> Treating event  92, Number of EB digis 61200
202 197 196 197 196 200 197 198 201 193 
1 202 102 6 173
67
1 197 102 6 173
64
1 196 102 6 173
63
1 197 102 6 173
64
1 196 102 6 173
63
1 200 102 6 173
66
1 197 102 6 173
64
1 198 102 6 173
64
1 201 102 6 173
66
1 193 102 6 173
61
EcalTPG =================> Treating event  93, Number of EB digis 61200
201 204 200 227 235 234 226 224 218 210 
1 201 102 6 173
66
1 204 102 6 173
68
1 200 102 6 173
66
1 227 102 6 173
84
1 235 102 6 173
89
1 234 102 6 173
89
1 226 102 6 173
83
1 224 102 6 173
82
1 218 102 6 173
78
1 210 102 6 173
72
EcalTPG =================> Treating event  94, Number of EB digis 61200
203 216 224 220 219 215 213 219 217 214 
1 203 102 6 173
68
1 216 102 6 173
77
1 224 102 6 173
82
1 220 102 6 173
79
1 219 102 6 173
79
1 215 102 6 173
76
1 213 102 6 173
75
1 219 102 6 173
79
1 217 102 6 173
77
1 214 102 6 173
75
EcalTPG =================> Treating event  95, Number of EB digis 61200
211 210 208 207 209 212 208 207 198 199 
1 211 102 6 173
73
1 210 102 6 173
72
1 208 102 6 173
71
1 207 102 6 173
70
1 209 102 6 173
72
1 212 102 6 173
74
1 208 102 6 173
71
1 207 102 6 173
70
1 198 102 6 173
64
1 199 102 6 173
65
EcalTPG =================> Treating event  96, Number of EB digis 61200
205 202 206 203 210 210 208 201 202 203 
1 205 102 6 173
69
1 202 102 6 173
67
1 206 102 6 173
70
1 203 102 6 173
68
1 210 102 6 173
72
1 210 102 6 173
72
1 208 102 6 173
71
1 201 102 6 173
66
1 202 102 6 173
67
1 203 102 6 173
68
EcalTPG =================> Treating event  97, Number of EB digis 61200
209 208 208 208 212 212 208 209 209 206 
1 209 102 6 173
72
1 208 102 6 173
71
1 208 102 6 173
71
1 208 102 6 173
71
1 212 102 6 173
74
1 212 102 6 173
74
1 208 102 6 173
71
1 209 102 6 173
72
1 209 102 6 173
72
1 206 102 6 173
70
EcalTPG =================> Treating event  98, Number of EB digis 61200
202 210 202 209 218 214 202 201 203 204 
1 202 102 6 173
67
1 210 102 6 173
72
1 202 102 6 173
67
1 209 102 6 173
72
1 218 102 6 173
78
1 214 102 6 173
75
1 202 102 6 173
67
1 201 102 6 173
66
1 203 102 6 173
68
1 204 102 6 173
68
EcalTPG =================> Treating event  99, Number of EB digis 61200
204 206 209 209 204 211 217 216 207 207 
1 204 102 6 173
68
1 206 102 6 173
70
1 209 102 6 173
72
1 209 102 6 173
72
1 204 102 6 173
68
1 211 102 6 173
73
1 217 102 6 173
77
1 216 102 6 173
77
1 207 102 6 173
70
1 207 102 6 173
70
EcalTPG =================> Treating event  100, Number of EB digis 61200
204 199 207 206 203 200 202 201 199 195 
1 204 102 6 173
68
1 199 102 6 173
65
1 207 102 6 173
70
1 206 102 6 173
70
1 203 102 6 173
68
1 200 102 6 173
66
1 202 102 6 173
67
1 201 102 6 173
66
1 199 102 6 173
65
1 195 102 6 173
62
